9.396081127791999776e+00 -1.170942102974660060e+00
9.394134733682504290e+00 -9.995399782103381314e-01
9.392498634286116754e+00 -8.816414850006948356e-01
9.390871937759824206e+00 -8.551204501210663000e-01
9.388812709209197749e+00 -9.306535897942088686e-01
9.386828703619325864e+00 -3.044752754776142156e-01
9.384402763135026859e+00 -4.718029170575746001e-01
9.382014434131104252e+00 -4.841775464466653300e-01
9.378826861169175189e+00 -4.431268740862220890e-01
9.427674771308453217e+00 4.871778873186951575e-01
9.425324053784907008e+00 7.015245163047174604e-01
9.422794681729572019e+00 7.076671812303947373e-01
9.420744856049040550e+00 1.242910036333793045e+00
9.419381439885384566e+00 9.384653655820702767e-01
9.418488167226437113e+00 9.054944186234132886e-01
9.417594894567489661e+00 8.602242371865054249e-01
9.416250284144021876e+00 1.154230243022072333e+00
9.414473141696220182e+00 7.693569810883045257e-01
9.413156739883035584e+00 7.558768151348744802e-01
9.411840338069849210e+00 -1.851229735928772158e-03
9.410298267374404446e+00 -8.595009077810988884e-02
9.408577542147169126e+00 -3.697768437480586368e-01
9.407279946074170951e+00 -5.698987642320685332e-01
9.406236227493717905e+00 -1.118306552434990664e+00
9.405389969185240062e+00 -1.155023088555081845e+00
9.404543710876763996e+00 -1.209093953042047698e+00
9.403659841087911531e+00 -1.691396138162152285e+00
9.402826746797567026e+00 -1.629005816856166078e+00
9.401976727341052609e+00 -1.856689034331779675e+00
9.401365540784931696e+00 -1.927851269621785768e+00
9.400763757098903994e+00 -1.612127245349223692e+00
9.399917498790426151e+00 -1.232045698554240509e+00
9.399108851962326483e+00 -1.221624166356788610e+00
9.397867673109894682e+00 -1.168214217509351283e+00
