9.379525584000000890e+03 -1.882293499849645169e-02
9.379577760000000126e+03 -1.618547177074213320e-02
9.379629936000001180e+03 -1.345894226379698924e-02
9.379682112000000416e+03 -1.053745232239256327e-02
9.379734288000001470e+03 -4.064409408954109890e-03
9.379786464000000706e+03 5.336781015902745777e-03
9.379838640000001760e+03 1.156526770260127811e-02
9.379890816000000996e+03 1.094297844997044536e-02
9.379942992000000231e+03 6.758450624431508284e-03
9.379995168000001286e+03 3.194827506366008495e-03
9.380047344000000521e+03 -4.284522496491994896e-04
9.380099520000001576e+03 -3.843677416268254446e-03
9.380151696000000811e+03 -3.113066073000984001e-03
9.380203872000000047e+03 9.349498654200377387e-04
9.380256048000001101e+03 2.588316870652256248e-03
9.380308224000000337e+03 -3.851250867237960554e-04
9.380360400000001391e+03 -5.206336517754027796e-03
9.380412576000000627e+03 -7.321089598778819305e-03
9.380464752000001681e+03 -5.463793591714882596e-03
9.380516928000000917e+03 -2.862504830740283078e-03
9.380569104000000152e+03 -2.461537931763077905e-03
9.380621280000001207e+03 -3.860209474877127935e-03
9.380673456000000442e+03 -3.815478449425855224e-03
9.380725632000001497e+03 -2.316054659465816706e-03
9.380777808000000732e+03 -2.609684246687578486e-03
9.380829983999999968e+03 -1.691638700508989656e-03
9.380882160000001022e+03 3.744683080998248426e-03
9.380934336000000258e+03 7.594511229569079862e-03
9.380986512000001312e+03 5.881450458646879029e-03
9.381038688000000548e+03 3.372888019817553516e-03
9.381090864000001602e+03 2.280911486636483330e-03
9.381143040000000838e+03 4.491407007525503327e-04
9.381195216000000073e+03 -1.507559710001207028e-03
9.381247392000001128e+03 -1.551944677114816019e-03
9.381299568000000363e+03 1.494315836433397662e-04
9.381351744000001418e+03 -7.374682752829811103e-04
9.381403920000000653e+03 -7.833305581432015857e-03
9.381456096000001708e+03 -1.408832790490856419e-02
9.381508272000000943e+03 -1.162724745829912636e-02
9.381560448000000179e+03 -5.723018554081774241e-03
9.381612624000001233e+03 -2.567040904092660579e-03
9.381664800000000469e+03 -2.773013415238716358e-05
9.381716976000001523e+03 3.225084893040163977e-03
9.381769152000000759e+03 6.836058967288998790e-03
9.381821327999999994e+03 1.036214218886254840e-02
9.381873504000001049e+03 1.039903472900657530e-02
9.381925680000000284e+03 7.045731209598975718e-03
9.381977856000001339e+03 4.260382174490297269e-03
9.382030032000000574e+03 2.797580510928373860e-04
9.382082208000001629e+03 -7.478276430339722038e-03
9.382134384000000864e+03 -1.368075496092038476e-02
9.382186560000000100e+03 -1.435299141975828266e-02
9.382238736000001154e+03 -1.302171223340210619e-02
9.382290912000000390e+03 -1.047367543424491260e-02
9.382343088000001444e+03 -4.171076171708782733e-03
9.382395264000000680e+03 4.096662392780648330e-03
9.382447440000001734e+03 1.068014593786483120e-02
9.382499616000000970e+03 1.316440708746320978e-02
9.382551792000000205e+03 1.036143857914332243e-02
9.382603968000001259e+03 3.800412330951371750e-03
9.382656144000000495e+03 -3.025356445411370859e-03
9.382708320000001549e+03 -7.667308732908079127e-03
9.382760496000000785e+03 -9.427217998552454153e-03
9.382812672000000020e+03 -8.128092362340461410e-03
9.382864848000001075e+03 -4.542370322573277552e-03
9.382917024000000310e+03 -9.815862547362958629e-05
9.382969200000001365e+03 5.788669242614992091e-03
9.383021376000000600e+03 1.318078212378168829e-02
9.383073552000001655e+03 1.782042209834878294e-02
9.383125728000000890e+03 1.711129148908246272e-02
9.383177904000000126e+03 1.325173388732889430e-02
9.383230080000001180e+03 7.801003307655689049e-03
9.383282256000000416e+03 1.341760256747822223e-03
9.383334432000001470e+03 -4.523067065976139889e-03
9.383386608000000706e+03 -8.674677020691757764e-03
9.383438783999999941e+03 -1.095932941999244389e-02
9.383490960000000996e+03 -1.105371065672314766e-02
9.383543136000000231e+03 -7.912625585012891816e-03
9.383595312000001286e+03 -9.321954053953325665e-04
9.383647488000000521e+03 7.866150734273710116e-03
9.383699664000001576e+03 1.352607641814297483e-02
9.383751840000000811e+03 1.296434870853186740e-02
9.383804016000000047e+03 9.947814199719039185e-03
9.383856192000001101e+03 9.332614394303311717e-03
9.383908368000000337e+03 9.230096690500639439e-03
9.383960544000001391e+03 4.945819109799364649e-03
9.384012720000000627e+03 -3.145847657813231630e-03
9.384064896000001681e+03 -8.486344091668375847e-03
9.384117072000000917e+03 -6.208293473100126927e-03
9.384169248000000152e+03 2.368540301135665807e-04
9.384221424000001207e+03 4.072374868618056955e-03
9.384273600000000442e+03 3.059896074809565544e-03
9.384325776000001497e+03 -3.204596744932859198e-04
9.384377952000000732e+03 -3.961944204742835762e-03
9.384430127999999968e+03 -6.138044914426595694e-03
9.384482304000001022e+03 -3.922046215536120414e-03
9.384534480000000258e+03 9.403026621457133243e-04
9.384586656000001312e+03 2.409012877667547885e-03
9.384638832000000548e+03 5.632839464170458959e-05
9.384691008000001602e+03 -2.639069183012575544e-03
9.384743184000000838e+03 -5.589758967589987526e-03
9.384795360000000073e+03 -7.417746943284168025e-03
9.384847536000001128e+03 -5.736271227354343069e-03
9.384899712000000363e+03 -3.021329398190289450e-03
9.384951888000001418e+03 -1.146453793092333095e-03
9.385004064000000653e+03 1.601713056387217646e-03
9.385056240000001708e+03 6.331787113950102137e-03
9.385108416000000943e+03 1.112165532842230090e-02
9.385160592000000179e+03 1.225098599337518662e-02
9.385212768000001233e+03 1.013054946543841435e-02
9.385264944000000469e+03 8.382072777025397978e-03
9.385317120000001523e+03 6.751343014242260077e-03
9.385369296000000759e+03 3.828637593684088188e-03
9.385421471999999994e+03 1.328084256469986950e-03
9.385473648000001049e+03 1.475987612930841067e-04
9.385525824000000284e+03 1.104128131253037312e-03
9.385578000000001339e+03 5.954168425324818034e-03
9.385630176000000574e+03 1.071922789223816661e-02
9.385682352000001629e+03 1.014658038089318558e-02
9.385734528000000864e+03 7.295508974051285837e-03
9.385786704000000100e+03 5.950502511793561398e-03
9.385838880000001154e+03 2.980896429918623077e-03
9.385891056000000390e+03 -2.798296855194485570e-03
9.385943232000001444e+03 -5.796588860892828467e-03
9.385995408000000680e+03 -1.772724644879209322e-03
9.386047583999999915e+03 6.465848959221496238e-03
9.386099760000000970e+03 1.177279360211951238e-02
9.386151936000000205e+03 1.098327973844803566e-02
9.386204112000001260e+03 7.902168213532803631e-03
9.386256288000000495e+03 5.972725317149880919e-03
9.386308464000001550e+03 5.661508004279084891e-03
9.386360640000000785e+03 7.239184947047061502e-03
9.386412816000000021e+03 8.426128113107205636e-03
9.386464992000001075e+03 4.993137755329322448e-03
9.386517168000000311e+03 -2.348716909009244003e-03
9.386569344000001365e+03 -6.251743278019503830e-03
9.386621520000000601e+03 -2.696207503207423591e-03
9.386673696000001655e+03 7.900925765489345137e-04
9.386725872000000891e+03 -2.881137895308151162e-03
9.386778048000000126e+03 -7.846231699606593529e-03
9.386830224000001181e+03 -6.882678479680218002e-03
9.386882400000000416e+03 -4.468989009586244593e-03
9.386934576000001471e+03 -6.927936891202139853e-03
9.386986752000000706e+03 -1.044465451151311772e-02
9.387038927999999942e+03 -8.319298402327975767e-03
9.387091104000000996e+03 -4.742521886399318938e-04
9.387143280000000232e+03 7.231143199491004217e-03
9.387195456000001286e+03 9.007367299932823868e-03
9.387247632000000522e+03 5.413153740511236940e-03
9.387299808000001576e+03 5.770291509438988265e-04
9.387351984000000812e+03 -3.890269955205043553e-03
9.387404160000000047e+03 -6.051464532126647755e-03
9.387456336000001102e+03 -2.124814593426960826e-03
9.387508512000000337e+03 5.959278477892953653e-03
9.387560688000001392e+03 1.018902264900593477e-02
9.387612864000000627e+03 7.094440886077887747e-03
9.387665040000001682e+03 1.205857156851477402e-04
9.387717216000000917e+03 -6.355718702790480110e-03
9.387769392000000153e+03 -8.042748334019991091e-03
9.387821568000001207e+03 -3.118428434180388169e-03
9.387873744000000443e+03 3.012300483090011877e-03
9.387925920000001497e+03 4.304616767786665667e-03
9.387978096000000733e+03 3.624156300752172204e-03
9.388030271999999968e+03 7.019416047668359387e-03
9.388082448000001023e+03 1.141237975362958783e-02
9.388134624000000258e+03 9.061278566767022938e-03
9.388186800000001313e+03 1.160026608377390765e-03
9.388238976000000548e+03 -5.000473522250943083e-03
9.388291152000001603e+03 -5.875520502891320995e-03
9.388343328000000838e+03 -3.706781863961103318e-03
9.388395504000000074e+03 -4.055052602604550423e-03
9.388447680000001128e+03 -7.650349755882735608e-03
9.388499856000000364e+03 -8.993767892117837670e-03
9.388552032000001418e+03 -7.750439177431045143e-03
9.388604208000000654e+03 -7.752948379162467873e-03
9.388656383999999889e+03 -7.407318118607462802e-03
9.388708560000000944e+03 -4.259601934514288014e-03
9.388760736000000179e+03 6.465770686128946218e-04
9.388812912000001234e+03 5.405109661110027788e-03
9.388865088000000469e+03 7.202863080754307208e-03
9.388917264000001524e+03 5.409278583328299729e-03
9.388969440000000759e+03 4.118559539212859194e-03
9.389021615999999995e+03 5.899249088598921241e-03
9.389073792000001049e+03 8.403457825329691336e-03
9.389125968000000285e+03 1.037557583760523837e-02
9.389178144000001339e+03 1.139444874563302554e-02
9.389230320000000575e+03 8.042730492816427962e-03
9.389282496000001629e+03 2.160326621298694089e-03
9.389334672000000865e+03 -2.506222367691609589e-04
9.389386848000000100e+03 -8.747798092194265015e-04
9.389439024000001154e+03 -2.050008654731720961e-03
9.389491200000000390e+03 -1.352804304361280305e-03
9.389543376000001444e+03 1.116209615219357397e-03
9.389595552000000680e+03 4.403165191972023031e-03
9.389647727999999915e+03 6.684405128725823438e-03
9.389699904000000970e+03 5.540540464400751410e-03
9.389752080000000205e+03 3.842169780211619149e-03
9.389804256000001260e+03 4.598426290751161938e-03
9.389856432000000495e+03 6.404673980821362980e-03
9.389908608000001550e+03 7.881245293856446385e-03
9.389960784000000785e+03 9.188319059532424476e-03
9.390012960000000021e+03 1.020939170916223410e-02
9.390065136000001075e+03 9.690386567307703036e-03
9.390117312000000311e+03 8.487707910807506390e-03
9.390169488000001365e+03 8.674574765522255829e-03
9.390221664000000601e+03 7.136888502173779208e-03
9.390273840000001655e+03 5.395151095929937111e-04
9.390326016000000891e+03 -7.354577378378873535e-03
9.390378192000000126e+03 -1.089562976182271645e-02
9.390430368000001181e+03 -8.489607531276128702e-03
9.390482544000000416e+03 -3.182390781462218939e-03
9.390534720000001471e+03 8.844589872805035200e-04
9.390586896000000706e+03 3.794691200361151057e-03
9.390639071999999942e+03 8.153003943119121674e-03
9.390691248000000996e+03 1.474833682359185175e-02
9.390743424000000232e+03 2.092790910359819748e-02
9.390795600000001286e+03 2.107971297056349808e-02
9.390847776000000522e+03 1.422198703534473252e-02
9.390899952000001576e+03 7.773766965004787546e-03
9.390952128000000812e+03 8.413781908628840955e-03
9.391004304000000047e+03 1.399520559276167322e-02
9.391056480000001102e+03 1.761307296072738005e-02
9.391108656000000337e+03 1.658885772123712063e-02
9.391160832000001392e+03 1.423980330771142978e-02
9.391213008000000627e+03 1.525476485785014213e-02
9.391265183999999863e+03 1.965455067709168113e-02
9.391317360000000917e+03 2.246095302243495545e-02
9.391369536000000153e+03 2.007831521708273309e-02
9.391421712000001207e+03 1.258068470346097173e-02
9.391473888000000443e+03 4.382601983333692108e-03
9.391526064000001497e+03 2.125074240332353644e-03
9.391578240000000733e+03 6.625504446896020132e-03
9.391630415999999968e+03 1.390722282553148378e-02
9.391682592000001023e+03 1.931358074231359634e-02
9.391734768000000258e+03 1.734598698874428857e-02
9.391786944000001313e+03 1.005820331870621413e-02
9.391839120000000548e+03 6.650485936928557558e-03
9.391891296000001603e+03 7.517596242252871062e-03
9.391943472000000838e+03 7.166487865474475104e-03
9.391995648000000074e+03 7.536211134508848629e-03
9.392047824000001128e+03 1.086497153845791298e-02
9.392100000000000364e+03 1.173943511982617101e-02
9.392152176000001418e+03 6.876565623785013508e-03
9.392204352000000654e+03 1.498959353300930407e-03
9.392256527999999889e+03 6.096617769703931372e-04
9.392308704000000944e+03 4.128681370864503535e-03
9.392360880000000179e+03 1.099659484216664387e-02
9.392413056000001234e+03 1.879573262187677479e-02
9.392465232000000469e+03 2.375957344936438856e-02
9.392517408000001524e+03 2.521651510596147408e-02
9.392569584000000759e+03 2.398186178638779531e-02
9.392621759999999995e+03 2.017033920727814844e-02
9.392673936000001049e+03 1.871347985510805195e-02
9.392726112000000285e+03 2.419579083353103413e-02
9.392778288000001339e+03 2.973790202983624814e-02
9.392830464000000575e+03 2.865519387786818681e-02
9.392882640000001629e+03 2.563352942997714629e-02
9.392934816000000865e+03 2.446816091684812094e-02
9.392986992000000100e+03 2.264850049416655339e-02
9.393039168000001155e+03 2.089564311685349757e-02
9.393091344000000390e+03 2.177687076921750245e-02
9.393143520000001445e+03 2.186719250301610851e-02
9.393195696000000680e+03 1.816980460407502385e-02
9.393247871999999916e+03 1.503276314613561683e-02
9.393300048000000970e+03 1.619170147482015473e-02
9.393352224000000206e+03 1.834150116577850514e-02
9.393404400000001260e+03 1.787516963599975958e-02
9.393456576000000496e+03 1.791159166538985534e-02
9.393508752000001550e+03 2.167884501609342388e-02
9.393560928000000786e+03 2.519062833682139679e-02
9.393613104000000021e+03 2.436569018511519635e-02
9.393665280000001076e+03 2.099386479830184227e-02
9.393717456000000311e+03 1.913437721309666634e-02
9.393769632000001366e+03 2.021352958535142449e-02
9.393821808000000601e+03 2.097394204477345467e-02
9.393873983999999837e+03 1.783252157061878534e-02
9.393926160000000891e+03 1.297733287694102962e-02
9.393978336000000127e+03 1.264498410995016676e-02
9.394030512000001181e+03 1.776614561989854624e-02
9.394082688000000417e+03 2.247684614450671386e-02
9.394134864000001471e+03 2.359211100313391915e-02
9.394187040000000707e+03 2.219119523699931984e-02
9.394239215999999942e+03 1.948296705442862167e-02
9.394291392000000997e+03 1.839701638858489210e-02
9.394343568000000232e+03 2.094006030497941317e-02
9.394395744000001287e+03 2.411157617945041548e-02
9.394447920000000522e+03 2.540607966757853914e-02
9.394500096000001577e+03 2.414405377175770848e-02
9.394552272000000812e+03 1.925594029414230343e-02
9.394604448000000048e+03 1.400391116364413033e-02
9.394656624000001102e+03 1.448160572866873802e-02
9.394708800000000338e+03 2.253608459927227553e-02
9.394760976000001392e+03 3.286998966624477686e-02
9.394813152000000628e+03 3.720979106625642990e-02
9.394865327999999863e+03 3.546540805562090753e-02
9.394917504000000918e+03 3.514639684972890865e-02
9.394969680000000153e+03 3.812597529993489581e-02
9.395021856000001208e+03 3.924399630071094547e-02
9.395074032000000443e+03 3.562817819463397900e-02
9.395126208000001498e+03 2.943768571690403776e-02
9.395178384000000733e+03 2.523586191391586839e-02
9.395230559999999969e+03 2.585889367109750134e-02
9.395282736000001023e+03 2.713174884222163685e-02
9.395334912000000259e+03 2.447645012492839084e-02
9.395387088000001313e+03 2.215206854056663704e-02
9.395439264000000549e+03 2.456976308281821203e-02
9.395491440000001603e+03 2.967789846121495628e-02
9.395543616000000839e+03 3.587566325659751615e-02
9.395595792000000074e+03 4.249144851128279499e-02
9.395647968000001129e+03 4.571807674069101185e-02
9.395700144000000364e+03 4.390478145278944172e-02
9.395752320000001419e+03 4.064908280908426097e-02
9.395804496000000654e+03 3.778898411055124640e-02
9.395856671999999890e+03 3.531362640028448685e-02
9.395908848000000944e+03 3.553416356282547428e-02
9.395961024000000180e+03 3.855040524627308812e-02
9.396013200000001234e+03 4.102887327105000231e-02
9.396065376000000470e+03 4.171014048756752773e-02
9.396117552000001524e+03 4.257789367440444755e-02
9.396169728000000759e+03 4.569967062117791939e-02
9.396221903999999995e+03 5.039504188362805420e-02
9.396274080000001049e+03 5.297000258207681944e-02
9.396326256000000285e+03 5.059024477336204750e-02
9.396378432000001339e+03 4.496408945251553074e-02
9.396430608000000575e+03 3.958581546188878753e-02
9.396482783999999810e+03 3.528991853653844907e-02
9.396534960000000865e+03 3.161774611129416351e-02
9.396587136000000100e+03 3.181930506904125794e-02
9.396639312000001155e+03 3.998500074634451368e-02
9.396691488000000390e+03 5.166996586041141398e-02
9.396743664000001445e+03 5.746397420809490342e-02
9.396795840000000680e+03 5.419501668279547157e-02
9.396848015999999916e+03 4.615163034124346308e-02
9.396900192000000970e+03 3.956453312523357940e-02
9.396952368000000206e+03 3.849486669590745230e-02
9.397004544000001260e+03 4.319290527603072971e-02
9.397056720000000496e+03 4.939037188840900844e-02
9.397108896000001550e+03 5.197347910917716335e-02
9.397161072000000786e+03 4.995694418578489754e-02
9.397213248000000021e+03 4.648470050865574632e-02
9.397265424000001076e+03 4.524080737057317725e-02
9.397317600000000311e+03 4.676634588236713158e-02
9.397369776000001366e+03 4.870399349849802162e-02
9.397421952000000601e+03 4.911736685983385947e-02
9.397474127999999837e+03 4.930977576117568512e-02
9.397526304000000891e+03 5.237979200773443256e-02
9.397578480000000127e+03 5.804317049258331945e-02
9.397630656000001181e+03 6.194633261775257804e-02
9.397682832000000417e+03 6.063961868982453707e-02
9.397735008000001471e+03 5.607803049888843844e-02
9.397787184000000707e+03 5.461121965145278312e-02
9.397839359999999942e+03 5.868815145622292145e-02
9.397891536000000997e+03 6.335173272958069535e-02
9.397943712000000232e+03 6.391029137370930757e-02
9.397995888000001287e+03 6.158535454165132983e-02
9.398048064000000522e+03 6.208473834683175124e-02
9.398100240000001577e+03 6.922229500663895640e-02
9.398152416000000812e+03 7.837773704210054815e-02
9.398204592000000048e+03 8.307094965272708575e-02
9.398256768000001102e+03 8.492860166148545609e-02
9.398308944000000338e+03 8.617789231282291240e-02
9.398361120000001392e+03 8.376751369249242629e-02
9.398413296000000628e+03 7.900430493820877198e-02
9.398465471999999863e+03 7.774149155317643112e-02
9.398517648000000918e+03 8.096188690784784925e-02
9.398569824000000153e+03 8.539811453469271785e-02
9.398622000000001208e+03 8.875457955374309316e-02
9.398674176000000443e+03 9.051391671690277307e-02
9.398726352000001498e+03 9.200108478350030317e-02
9.398778528000000733e+03 9.453789162113657163e-02
9.398830703999999969e+03 9.501900315181975587e-02
9.398882880000001023e+03 9.090520973790981729e-02
9.398935056000000259e+03 8.614246047716302146e-02
9.398987232000001313e+03 8.346271725676751574e-02
9.399039408000000549e+03 8.139142703843015025e-02
9.399091583999999784e+03 8.134933647459469119e-02
9.399143760000000839e+03 8.662006049590724455e-02
9.399195936000000074e+03 9.414587749282816997e-02
9.399248112000001129e+03 9.803697359926749622e-02
9.399300288000000364e+03 9.928511049455855664e-02
9.399352464000001419e+03 1.002913370685280386e-01
9.399404640000000654e+03 1.009527915635741180e-01
9.399456815999999890e+03 1.050534063566765375e-01
9.399508992000000944e+03 1.152215350250200554e-01
9.399561168000000180e+03 1.272523168088437739e-01
9.399613344000001234e+03 1.373975591771602056e-01
9.399665520000000470e+03 1.439108166720658444e-01
9.399717696000001524e+03 1.433567133122161663e-01
9.399769872000000760e+03 1.375064987255334992e-01
9.399822047999999995e+03 1.347835091164467092e-01
9.399874224000001050e+03 1.385540667262308012e-01
9.399926400000000285e+03 1.447551661565172065e-01
9.399978576000001340e+03 1.503162692733133465e-01
9.400030752000000575e+03 1.555203715383333962e-01
9.400082927999999811e+03 1.595681640030745252e-01
9.400135104000000865e+03 1.607403343597305911e-01
9.400187280000000101e+03 1.597362852759988960e-01
9.400239456000001155e+03 1.589685375904165698e-01
9.400291632000000391e+03 1.619277154378979955e-01
9.400343808000001445e+03 1.709606562442261557e-01
9.400395984000000681e+03 1.834247644760906015e-01
9.400448159999999916e+03 1.940443239718879498e-01
9.400500336000000971e+03 2.001410584474341003e-01
9.400552512000000206e+03 2.037962199467714397e-01
9.400604688000001261e+03 2.084954537739484304e-01
9.400656864000000496e+03 2.137241430696714684e-01
9.400709040000001551e+03 2.168228472638796811e-01
9.400761216000000786e+03 2.191648683811237008e-01
9.400813392000000022e+03 2.244346955025958990e-01
9.400865568000001076e+03 2.320570333195549340e-01
9.400917744000000312e+03 2.385726155684189942e-01
9.400969920000001366e+03 2.431101229789592033e-01
9.401022096000000602e+03 2.483844594053707666e-01
9.401074271999999837e+03 2.576046744338129635e-01
9.401126448000000892e+03 2.714244665261105749e-01
9.401178624000000127e+03 2.877431420187288591e-01
9.401230800000001182e+03 3.011998463851650598e-01
9.401282976000000417e+03 3.068772655578673181e-01
9.401335152000001472e+03 3.067847531314460974e-01
9.401387328000000707e+03 3.065422747431315598e-01
9.401439503999999943e+03 3.089482420993468481e-01
9.401491680000000997e+03 3.141378307342396203e-01
9.401543856000000233e+03 3.224446025959488704e-01
9.401596032000001287e+03 3.354668595811063359e-01
9.401648208000000523e+03 3.533406215036495324e-01
9.401700383999999758e+03 3.717412542714425561e-01
9.401752560000000813e+03 3.849510406252265038e-01
9.401804736000000048e+03 3.930159396785610770e-01
9.401856912000001103e+03 4.012757121599949128e-01
9.401909088000000338e+03 4.122431352726835252e-01
9.401961264000001393e+03 4.247234193230594035e-01
9.402013440000000628e+03 4.382395370396189316e-01
9.402065615999999864e+03 4.518394296939026722e-01
9.402117792000000918e+03 4.637942792616913668e-01
9.402169968000000154e+03 4.751795346652581409e-01
9.402222144000001208e+03 4.887625777301937147e-01
9.402274320000000444e+03 5.041572777980050102e-01
9.402326496000001498e+03 5.186604045153145881e-01
9.402378672000000734e+03 5.340982698187464184e-01
9.402430847999999969e+03 5.545561627522956893e-01
9.402483024000001024e+03 5.770783319103474085e-01
9.402535200000000259e+03 5.956716319417115768e-01
9.402587376000001314e+03 6.101150295652940647e-01
9.402639552000000549e+03 6.243001481894741023e-01
9.402691727999999785e+03 6.414457536355627765e-01
9.402743904000000839e+03 6.621543980191481049e-01
9.402796080000000075e+03 6.840297841897513553e-01
9.402848256000001129e+03 7.036138956421130741e-01
9.402900432000000364e+03 7.198400367545704226e-01
9.402952608000001419e+03 7.335507396487205289e-01
9.403004784000000654e+03 7.448124575538327408e-01
9.403056959999999890e+03 7.528926024056332711e-01
9.403109136000000944e+03 7.582146350560079462e-01
9.403161312000000180e+03 7.648744369540713128e-01
9.403213488000001234e+03 7.772532718782505512e-01
9.403265664000000470e+03 7.922242240847844341e-01
9.403317840000001524e+03 8.031922830138644720e-01
9.403370016000000760e+03 8.112401634835141317e-01
9.403422191999999995e+03 8.218372907005631056e-01
9.403474368000001050e+03 8.349862527415039537e-01
9.403526544000000285e+03 8.475570059841218695e-01
9.403578720000001340e+03 8.588994404105341207e-01
9.403630896000000575e+03 8.694621476300528062e-01
9.403683071999999811e+03 8.803702475496230084e-01
9.403735248000000865e+03 8.940133809281952670e-01
9.403787424000000101e+03 9.098300499037107469e-01
9.403839600000001155e+03 9.222961642419876815e-01
9.403891776000000391e+03 9.289026925908179244e-01
9.403943952000001445e+03 9.360734780435180369e-01
9.403996128000000681e+03 9.484805837890347702e-01
9.404048303999999916e+03 9.616035654482962824e-01
9.404100480000000971e+03 9.714022546049396745e-01
9.404152656000000206e+03 9.790333263059303182e-01
9.404204832000001261e+03 9.855889211654376147e-01
9.404257008000000496e+03 9.907212120691668567e-01
9.404309183999999732e+03 9.945534831276756638e-01
9.404361360000000786e+03 9.961767251025686054e-01
9.404413536000000022e+03 9.917277721369845978e-01
9.404465712000001076e+03 9.788019213994210155e-01
9.404517888000000312e+03 9.613680431849125352e-01
9.404570064000001366e+03 9.469369964834524200e-01
9.404622240000000602e+03 9.398542428847860286e-01
9.404674415999999837e+03 9.366132115639941302e-01
9.404726592000000892e+03 9.300758722526678568e-01
9.404778768000000127e+03 9.201861802177809802e-01
9.404830944000001182e+03 9.133850089600815680e-01
9.404883120000000417e+03 9.110213348920814802e-01
9.404935296000001472e+03 9.063367436789011578e-01
9.404987472000000707e+03 8.948089208063978450e-01
9.405039647999999943e+03 8.800530122304807135e-01
9.405091824000000997e+03 8.669071027267565288e-01
9.405144000000000233e+03 8.563876136307847498e-01
9.405196176000001287e+03 8.476702981334832687e-01
9.405248352000000523e+03 8.412271312371982779e-01
9.405300527999999758e+03 8.383321809203316821e-01
9.405352704000000813e+03 8.368795086250324644e-01
9.405404880000000048e+03 8.303171198253845864e-01
9.405457056000001103e+03 8.130933912225387639e-01
9.405509232000000338e+03 7.883099549075238688e-01
9.405561408000001393e+03 7.653604281690008504e-01
9.405613584000000628e+03 7.486043097127879076e-01
9.405665759999999864e+03 7.319936096985637519e-01
9.405717936000000918e+03 7.072284691769327170e-01
9.405770112000000154e+03 6.746146311213752078e-01
9.405822288000001208e+03 6.380647552253109200e-01
9.405874464000000444e+03 5.981874677215343050e-01
9.405926640000001498e+03 5.569328132367663553e-01
9.405978816000000734e+03 5.176580845690621491e-01
9.406030991999999969e+03 4.815238542764921914e-01
9.406083168000001024e+03 4.470402238628631286e-01
9.406135344000000259e+03 4.096453279193076336e-01
9.406187520000001314e+03 3.664622839612326488e-01
9.406239696000000549e+03 3.207230245435530036e-01
9.406291871999999785e+03 2.773839928958148349e-01
9.406344048000000839e+03 2.393708367545023530e-01
9.406396224000000075e+03 2.063972861806713799e-01
9.406448400000001129e+03 1.740716491956046941e-01
9.406500576000000365e+03 1.380342303923907110e-01
9.406552752000001419e+03 9.830658439634615275e-02
9.406604928000000655e+03 5.762490973043404852e-02
9.406657103999999890e+03 1.582407426301752143e-02
9.406709280000000945e+03 -2.856161706700934000e-02
9.406761456000000180e+03 -7.113164413157765931e-02
9.406813632000001235e+03 -1.088959917026995489e-01
9.406865808000000470e+03 -1.466175565686047566e-01
9.406917983999999706e+03 -1.856097349283846176e-01
9.406970160000000760e+03 -2.220790248358215091e-01
9.407022335999999996e+03 -2.559990173522320167e-01
9.407074512000001050e+03 -2.903255618022314022e-01
9.407126688000000286e+03 -3.268771116946919131e-01
9.407178864000001340e+03 -3.652774978873837286e-01
9.407231040000000576e+03 -4.028570181108801496e-01
9.407283215999999811e+03 -4.379281943490178075e-01
9.407335392000000866e+03 -4.729627525448882874e-01
9.407387568000000101e+03 -5.098271104361112860e-01
9.407439744000001156e+03 -5.469494263676055734e-01
9.407491920000000391e+03 -5.836508396731011628e-01
9.407544096000001446e+03 -6.177763155188137345e-01
9.407596272000000681e+03 -6.450917148368777720e-01
9.407648447999999917e+03 -6.679398566957058803e-01
9.407700624000000971e+03 -6.925907785087174195e-01
9.407752800000000207e+03 -7.185966455121739482e-01
9.407804976000001261e+03 -7.409042522635626016e-01
9.407857152000000497e+03 -7.604933201212402683e-01
9.407909327999999732e+03 -7.844152416408338713e-01
9.407961504000000787e+03 -8.126669916758842982e-01
9.408013680000000022e+03 -8.364459107111903435e-01
9.408065856000001077e+03 -8.515138716818845266e-01
9.408118032000000312e+03 -8.616213283013163249e-01
9.408170208000001367e+03 -8.724897741937235329e-01
9.408222384000000602e+03 -8.882987049197801355e-01
9.408274559999999838e+03 -9.086457262941709523e-01
9.408326736000000892e+03 -9.285308483359333565e-01
9.408378912000000128e+03 -9.439189518709556470e-01
9.408431088000001182e+03 -9.550390761965551478e-01
9.408483264000000418e+03 -9.638090508179224525e-01
9.408535440000001472e+03 -9.731981884076731371e-01
9.408587616000000708e+03 -9.868642109226209991e-01
9.408639791999999943e+03 -1.003745786777052729e+00
9.408691968000000998e+03 -1.017518058761089028e+00
9.408744144000000233e+03 -1.024105384448839029e+00
9.408796320000001288e+03 -1.025988322428305066e+00
9.408848496000000523e+03 -1.027382085466764128e+00
9.408900671999999759e+03 -1.028618346332547118e+00
9.408952848000000813e+03 -1.028236811022712915e+00
9.409005024000000049e+03 -1.026833710124247734e+00
9.409057200000001103e+03 -1.025288918898896506e+00
9.409109376000000339e+03 -1.022730211156707814e+00
9.409161552000001393e+03 -1.018320175455604826e+00
9.409213728000000629e+03 -1.011425947402162295e+00
9.409265903999999864e+03 -1.001285816741327217e+00
9.409318080000000919e+03 -9.888580314895529799e-01
9.409370256000000154e+03 -9.764927561680630808e-01
9.409422432000001209e+03 -9.662631373334569229e-01
9.409474608000000444e+03 -9.599952236891988733e-01
9.409526783999999680e+03 -9.574754228571717984e-01
9.409578960000000734e+03 -9.552010176378220585e-01
9.409631135999999969e+03 -9.510923736001372086e-01
9.409683312000001024e+03 -9.454476609392918895e-01
9.409735488000000259e+03 -9.365459893179202133e-01
9.409787664000001314e+03 -9.235226641504035161e-01
9.409839840000000549e+03 -9.099959411395625031e-01
9.409892015999999785e+03 -9.011114272587096297e-01
9.409944192000000839e+03 -9.001455294458673428e-01
9.409996368000000075e+03 -9.033825125240964038e-01
9.410048544000001129e+03 -9.013814459645185240e-01
9.410100720000000365e+03 -8.914571349609324846e-01
9.410152896000001419e+03 -8.786015602073723452e-01
9.410205072000000655e+03 -8.651054434638728585e-01
9.410257247999999890e+03 -8.512634640590941437e-01
9.410309424000000945e+03 -8.376767691456916687e-01
9.410361600000000180e+03 -8.231990031997852286e-01
9.410413776000001235e+03 -8.088886294413658584e-01
9.410465952000000470e+03 -7.942907200981678129e-01
9.410518127999999706e+03 -7.736835757480722275e-01
9.410570304000000760e+03 -7.501309435244825075e-01
9.410622479999999996e+03 -7.333179354346909262e-01
9.410674656000001050e+03 -7.203135654440138147e-01
9.410726832000000286e+03 -7.028900142623193403e-01
9.410779008000001340e+03 -6.832752042850029905e-01
9.410831184000000576e+03 -6.674634770924605665e-01
9.410883359999999811e+03 -6.560844113022115121e-01
9.410935536000000866e+03 -6.469138251005759344e-01
9.410987712000000101e+03 -6.365149845390499772e-01
9.411039888000001156e+03 -6.196709066633896423e-01
9.411092064000000391e+03 -5.979561438807011742e-01
9.411144240000001446e+03 -5.826619574771533250e-01
9.411196416000000681e+03 -5.777554222294293274e-01
9.411248591999999917e+03 -5.730559652269445747e-01
9.411300768000000971e+03 -5.615929167965477697e-01
9.411352944000000207e+03 -5.477249352231686741e-01
9.411405120000001261e+03 -5.347590306181346786e-01
9.411457296000000497e+03 -5.211739927529617233e-01
9.411509471999999732e+03 -5.078484261017089940e-01
9.411561648000000787e+03 -4.948143726354888305e-01
9.411613824000000022e+03 -4.808139655568731685e-01
9.411666000000001077e+03 -4.695649373079560651e-01
9.411718176000000312e+03 -4.624743192871093589e-01
9.411770352000001367e+03 -4.536549209662384952e-01
9.411822528000000602e+03 -4.403979492095921877e-01
9.411874703999999838e+03 -4.262838942283512789e-01
9.411926880000000892e+03 -4.133939881729576937e-01
9.411979056000000128e+03 -4.007990315750509791e-01
9.412031232000001182e+03 -3.887650693815261072e-01
9.412083408000000418e+03 -3.791930398544331449e-01
9.412135583999999653e+03 -3.725554123220954916e-01
9.412187760000000708e+03 -3.657182367558369784e-01
9.412239935999999943e+03 -3.544422765652450180e-01
9.412292112000000998e+03 -3.397680894790104933e-01
9.412344288000000233e+03 -3.255302029414404164e-01
9.412396464000001288e+03 -3.118930797581023762e-01
9.412448640000000523e+03 -2.987685890613339668e-01
9.412500815999999759e+03 -2.866829218310106842e-01
9.412552992000000813e+03 -2.758602131673487667e-01
9.412605168000000049e+03 -2.693772169192784061e-01
9.412657344000001103e+03 -2.670073424820629815e-01
9.412709520000000339e+03 -2.621310570884475832e-01
9.412761696000001393e+03 -2.531007819407040671e-01
9.412813872000000629e+03 -2.448071758416613120e-01
9.412866047999999864e+03 -2.386250784962818949e-01
9.412918224000000919e+03 -2.327295473413243942e-01
9.412970400000000154e+03 -2.268186490986702220e-01
9.413022576000001209e+03 -2.203039214927777767e-01
9.413074752000000444e+03 -2.130319807754909311e-01
9.413126927999999680e+03 -2.084826526140877712e-01
9.413179104000000734e+03 -2.088080474992907165e-01
9.413231279999999970e+03 -2.094560849414456305e-01
9.413283456000001024e+03 -2.052391427035300808e-01
9.413335632000000260e+03 -1.962327085686794703e-01
9.413387808000001314e+03 -1.858099521242060626e-01
9.413439984000000550e+03 -1.787204853975872254e-01
9.413492159999999785e+03 -1.765779191843531437e-01
9.413544336000000840e+03 -1.754827556409974121e-01
9.413596512000000075e+03 -1.726413247177075450e-01
9.413648688000001130e+03 -1.673978039490520153e-01
9.413700864000000365e+03 -1.596187637178616558e-01
9.413753040000001420e+03 -1.515193305140141722e-01
9.413805216000000655e+03 -1.432993142620098415e-01
9.413857391999999891e+03 -1.339451051143796534e-01
9.413909568000000945e+03 -1.268667976632995853e-01
9.413961744000000181e+03 -1.247981907949534119e-01
9.414013920000001235e+03 -1.242100934983498967e-01
9.414066096000000471e+03 -1.206049819827579861e-01
9.414118271999999706e+03 -1.153212221475861388e-01
9.414170448000000761e+03 -1.121134050374479746e-01
9.414222623999999996e+03 -1.111723222273451744e-01
9.414274800000001051e+03 -1.103938553287810709e-01
9.414326976000000286e+03 -1.091024288860797387e-01
9.414379152000001341e+03 -1.093065083506019053e-01
9.414431328000000576e+03 -1.110253644318143079e-01
9.414483503999999812e+03 -1.096647024276037607e-01
9.414535680000000866e+03 -1.036017873542967871e-01
9.414587856000000102e+03 -9.699928132279926618e-02
9.414640032000001156e+03 -9.296188671709552931e-02
9.414692208000000392e+03 -9.043323151071584742e-02
9.414744383999999627e+03 -8.718651426656194581e-02
9.414796560000000682e+03 -8.410263363953926485e-02
9.414848735999999917e+03 -8.300382655244629981e-02
9.414900912000000972e+03 -8.197205089557821345e-02
9.414953088000000207e+03 -8.102763548376257230e-02
9.415005264000001262e+03 -8.309600436773839638e-02
9.415057440000000497e+03 -8.474691202474948781e-02
9.415109615999999733e+03 -8.092670640738851284e-02
9.415161792000000787e+03 -7.413602827080997826e-02
9.415213968000000023e+03 -6.765722127489995352e-02
9.415266144000001077e+03 -6.185718264040274833e-02
9.415318320000000313e+03 -5.824099329771205424e-02
9.415370496000001367e+03 -5.632390515272569370e-02
9.415422672000000603e+03 -5.411428589716642257e-02
9.415474847999999838e+03 -5.188401500742095135e-02
9.415527024000000893e+03 -4.907729191676429847e-02
9.415579200000000128e+03 -4.494681698206533238e-02
9.415631376000001183e+03 -4.203574484558325608e-02
9.415683552000000418e+03 -4.371593139159622027e-02
9.415735727999999654e+03 -4.884530529387075964e-02
9.415787904000000708e+03 -5.129828534565153419e-02
9.415840079999999944e+03 -4.902199683599922642e-02
9.415892256000000998e+03 -4.671510147802948598e-02
9.415944432000000234e+03 -4.651383727961205805e-02
9.415996608000001288e+03 -4.889276467641164720e-02
9.416048784000000524e+03 -5.430040163154352395e-02
9.416100959999999759e+03 -5.830949141387496704e-02
9.416153136000000814e+03 -5.937806729751698293e-02
9.416205312000000049e+03 -5.991998370059253148e-02
9.416257488000001104e+03 -5.745199036816332760e-02
9.416309664000000339e+03 -5.092702814507842068e-02
9.416361840000001393e+03 -4.478776488932324079e-02
9.416414016000000629e+03 -3.962409325428468965e-02
9.416466191999999864e+03 -3.358189971699875043e-02
9.416518368000000919e+03 -2.981930948372263704e-02
9.416570544000000154e+03 -2.960091316335300773e-02
9.416622720000001209e+03 -2.924167147855642052e-02
9.416674896000000444e+03 -2.857322348630903647e-02
9.416727071999999680e+03 -2.963517177680408121e-02
9.416779248000000734e+03 -3.034924668666705294e-02
9.416831423999999970e+03 -2.728419908868831567e-02
9.416883600000001024e+03 -2.168999223590308001e-02
9.416935776000000260e+03 -1.845231416098167682e-02
9.416987952000001314e+03 -1.970428015055490992e-02
9.417040128000000550e+03 -2.361904874835777518e-02
9.417092303999999785e+03 -2.803527050573973584e-02
9.417144480000000840e+03 -3.135217933786414030e-02
9.417196656000000075e+03 -3.204267835860263869e-02
9.417248832000001130e+03 -3.020917095345818093e-02
9.417301008000000365e+03 -2.747794670439410170e-02
9.417353183999999601e+03 -2.497587937613926501e-02
9.417405360000000655e+03 -2.373694343690718744e-02
9.417457535999999891e+03 -2.424160356443437817e-02
9.417509712000000945e+03 -2.636286329272269011e-02
9.417561888000000181e+03 -3.076757807805492392e-02
9.417614064000001235e+03 -3.565674242632382862e-02
9.417666240000000471e+03 -3.650450146687618524e-02
9.417718415999999706e+03 -3.247503345495102861e-02
9.417770592000000761e+03 -2.850426627554108333e-02
9.417822767999999996e+03 -2.825603690248509881e-02
9.417874944000001051e+03 -2.862862126418483366e-02
9.417927120000000286e+03 -2.689119412686485910e-02
9.417979296000001341e+03 -2.458672275163017312e-02
9.418031472000000576e+03 -2.020749275655316785e-02
9.418083647999999812e+03 -1.192757512956430649e-02
9.418135824000000866e+03 -5.387828277600648086e-03
9.418188000000000102e+03 -6.730777596325177893e-03
9.418240176000001156e+03 -1.311915931172871058e-02
9.418292352000000392e+03 -1.779101348712224667e-02
9.418344527999999627e+03 -2.019988652061631418e-02
9.418396704000000682e+03 -2.292854154549704704e-02
9.418448879999999917e+03 -2.419455662944575494e-02
9.418501056000000972e+03 -2.243695835418520884e-02
9.418553232000000207e+03 -2.111376087222040232e-02
9.418605408000001262e+03 -2.259944556210235350e-02
9.418657584000000497e+03 -2.236135548310454538e-02
9.418709759999999733e+03 -1.506807329086118710e-02
9.418761936000000787e+03 -3.339212736335655032e-03
9.418814112000000023e+03 4.597585141906371589e-03
9.418866288000001077e+03 3.236736497076679771e-03
9.418918464000000313e+03 -4.389546999689999431e-03
9.418970640000001367e+03 -9.997768784605192208e-03
9.419022816000000603e+03 -1.032979171995775970e-02
9.419074991999999838e+03 -7.703108479401161307e-03
9.419127168000000893e+03 -4.589167063860346597e-03
9.419179344000000128e+03 -4.551782096481068671e-03
9.419231520000001183e+03 -9.989838660268769363e-03
9.419283696000000418e+03 -1.819854229454639927e-02
9.419335871999999654e+03 -2.497352854972688038e-02
9.419388048000000708e+03 -2.826493807536010344e-02
9.419440223999999944e+03 -2.825059139203597511e-02
9.419492400000000998e+03 -2.662082356146382167e-02
9.419544576000000234e+03 -2.505339641716568602e-02
9.419596752000001288e+03 -2.413744585173407606e-02
9.419648928000000524e+03 -2.275897722245692409e-02
9.419701103999999759e+03 -1.819586784088319739e-02
9.419753280000000814e+03 -1.097523524375558501e-02
9.419805456000000049e+03 -6.690194161000430871e-03
9.419857632000001104e+03 -6.604838515078804290e-03
9.419909808000000339e+03 -6.379361494666346138e-03
9.419961983999999575e+03 -6.226812485952123999e-03
9.420014160000000629e+03 -9.087464915165774718e-03
9.420066335999999865e+03 -1.365036343506837065e-02
9.420118512000000919e+03 -1.732876976889485832e-02
9.420170688000000155e+03 -1.918309037188869332e-02
9.420222864000001209e+03 -1.798174281845425423e-02
9.420275040000000445e+03 -1.331404769111539481e-02
9.420327215999999680e+03 -7.975021904338448417e-03
9.420379392000000735e+03 -5.157271346312360463e-03
9.420431567999999970e+03 -5.729695558277759018e-03
9.420483744000001025e+03 -9.106704522711846217e-03
9.420535920000000260e+03 -1.350115595845673491e-02
9.420588096000001315e+03 -1.563404504967080486e-02
9.420640272000000550e+03 -1.428126337746487250e-02
9.420692447999999786e+03 -1.307892196859791918e-02
9.420744624000000840e+03 -1.376823635598256948e-02
9.420796800000000076e+03 -1.320008052865269746e-02
9.420848976000001130e+03 -1.055215014357839889e-02
9.420901152000000366e+03 -8.221866970186418599e-03
9.420953327999999601e+03 -8.091841821062924905e-03
9.421005504000000656e+03 -1.007030081655137417e-02
9.421057679999999891e+03 -1.162995269463681924e-02
9.421109856000000946e+03 -1.124996256474138090e-02
9.421162032000000181e+03 -1.045787757797960078e-02
9.421214208000001236e+03 -1.025381909317777188e-02
9.421266384000000471e+03 -1.029933171356755932e-02
9.421318559999999707e+03 -1.116396630003566731e-02
9.421370736000000761e+03 -1.108369852150689443e-02
9.421422911999999997e+03 -5.865554172467118965e-03
9.421475088000001051e+03 2.906653125948674161e-03
9.421527264000000287e+03 8.682818314116678982e-03
9.421579440000001341e+03 8.561545876958325668e-03
9.421631616000000577e+03 6.089886661740057799e-03
9.421683791999999812e+03 7.843279420743053121e-03
9.421735968000000867e+03 1.434597588514746960e-02
9.421788144000000102e+03 1.657728830958516211e-02
9.421840320000001157e+03 8.093228225122229072e-03
9.421892496000000392e+03 -4.051160047032442875e-03
9.421944671999999628e+03 -9.552797953987543500e-03
9.421996848000000682e+03 -1.008999008908985189e-02
9.422049023999999918e+03 -1.194538702806218974e-02
9.422101200000000972e+03 -1.449970691282164575e-02
9.422153376000000208e+03 -1.599688489400503261e-02
9.422205552000001262e+03 -1.847962629982569452e-02
9.422257728000000498e+03 -2.282117439879920856e-02
9.422309903999999733e+03 -2.567246896273322337e-02
9.422362080000000788e+03 -2.469936713903795114e-02
9.422414256000000023e+03 -2.159953714404553443e-02
9.422466432000001078e+03 -1.790882813558403175e-02
9.422518608000000313e+03 -1.427279622291397106e-02
9.422570783999999549e+03 -9.256461713654627263e-03
9.422622960000000603e+03 -1.293535725508410681e-03
9.422675135999999839e+03 3.814988823304140200e-03
9.422727312000000893e+03 9.662631887186246861e-04
9.422779488000000129e+03 -3.945500107648818033e-03
9.422831664000001183e+03 -4.202410759801966308e-03
9.422883840000000419e+03 -1.864167612217849240e-03
9.422936015999999654e+03 -7.789402348002794725e-04
9.422988192000000709e+03 -5.199246993113647341e-04
9.423040367999999944e+03 -5.660615307527391490e-04
9.423092544000000998e+03 -1.666448170648586252e-03
9.423144720000000234e+03 -1.864559559028387825e-03
9.423196896000001288e+03 7.587712534053714375e-04
9.423249072000000524e+03 2.890175907105474971e-03
9.423301247999999759e+03 1.848353967295903160e-03
9.423353424000000814e+03 -5.387563272938529794e-04
9.423405600000000049e+03 -2.783453627568396524e-03
9.423457776000001104e+03 -3.815864458675480818e-03
9.423509952000000339e+03 -3.177371774290255191e-03
9.423562127999999575e+03 -1.969445228850555916e-03
9.423614304000000629e+03 -1.731889402610870552e-03
9.423666479999999865e+03 -4.941530416391956039e-03
9.423718656000000919e+03 -1.079121345142723849e-02
9.423770832000000155e+03 -1.430573129932894740e-02
9.423823008000001209e+03 -1.365853094552034637e-02
9.423875184000000445e+03 -1.181112413755333254e-02
9.423927359999999680e+03 -1.194282123882526268e-02
9.423979536000000735e+03 -1.445341941606268464e-02
9.424031711999999970e+03 -1.769930229966701352e-02
9.424083888000001025e+03 -1.870510626191575904e-02
9.424136064000000260e+03 -1.451424718310284287e-02
9.424188240000001315e+03 -6.682844602740721333e-03
9.424240416000000550e+03 -7.666214578527959234e-04
9.424292591999999786e+03 1.126343421618642370e-04
9.424344768000000840e+03 -2.048820736306880726e-03
9.424396944000000076e+03 -4.952883670364525981e-03
9.424449120000001130e+03 -8.087399167260164376e-03
9.424501296000000366e+03 -8.710785698848429182e-03
9.424553471999999601e+03 -5.367927337919652965e-03
9.424605648000000656e+03 -1.662100040519465510e-03
9.424657823999999891e+03 -9.464643384131477075e-04
9.424710000000000946e+03 -3.626546612423994786e-03
9.424762176000000181e+03 -8.038177537735315126e-03
9.424814352000001236e+03 -1.246428366407163757e-02
9.424866528000000471e+03 -1.607241265066080074e-02
9.424918703999999707e+03 -1.684673929896688543e-02
9.424970880000000761e+03 -1.438017032773718229e-02
9.425023055999999997e+03 -1.268769393171798217e-02
9.425075232000001051e+03 -1.521318725963072445e-02
9.425127408000000287e+03 -1.919387396482444275e-02
9.425179583999999522e+03 -1.746713835262512018e-02
9.425231760000000577e+03 -8.852833037132652044e-03
9.425283935999999812e+03 -6.243352148407937605e-04
9.425336112000000867e+03 2.210489692972415939e-03
9.425388288000000102e+03 -3.923202737070706101e-04
9.425440464000001157e+03 -6.260404582913207082e-03
9.425492640000000392e+03 -1.127793382696695018e-02
9.425544815999999628e+03 -1.336982100809499738e-02
9.425596992000000682e+03 -1.264964981775082778e-02
9.425649167999999918e+03 -9.529919925610932929e-03
9.425701344000000972e+03 -6.244782766996717811e-03
9.425753520000000208e+03 -4.090012129556779875e-03
9.425805696000001262e+03 -2.107924608601800635e-03
9.425857872000000498e+03 -1.952402796797761235e-03
9.425910047999999733e+03 -5.581428617075718905e-03
9.425962224000000788e+03 -9.562267985061639192e-03
9.426014400000000023e+03 -9.425103893257501600e-03
9.426066576000001078e+03 -5.764134765128977288e-03
9.426118752000000313e+03 -3.807762581340912601e-03
9.426170927999999549e+03 -6.644453070920701421e-03
9.426223104000000603e+03 -1.040587373232679073e-02
9.426275279999999839e+03 -1.081358899345345910e-02
9.426327456000000893e+03 -1.000426011557882001e-02
9.426379632000000129e+03 -1.322627998585988555e-02
9.426431808000001183e+03 -2.034497971492041368e-02
9.426483984000000419e+03 -2.331297842059523381e-02
9.426536159999999654e+03 -1.673716553761781314e-02
9.426588336000000709e+03 -6.688450256208403749e-03
9.426640511999999944e+03 -2.092733016659006039e-03
9.426692688000000999e+03 -3.565005305215513016e-03
9.426744864000000234e+03 -5.162442735146017571e-03
9.426797040000001289e+03 -1.767396212493679408e-03
9.426849216000000524e+03 4.980098353411728344e-03
9.426901391999999760e+03 7.549898754943109962e-03
9.426953568000000814e+03 1.805290472655671956e-03
9.427005744000000050e+03 -8.976103713656532340e-03
9.427057920000001104e+03 -1.915715093996573151e-02
9.427110096000000340e+03 -2.423181035955691842e-02
9.427162271999999575e+03 -2.113109594300705343e-02
9.427214448000000630e+03 -1.074515952960273905e-02
9.427266623999999865e+03 -4.514096032028226528e-04
9.427318800000000920e+03 2.499090234457054284e-03
9.427370976000000155e+03 -1.204172068016531741e-03
9.427423152000001210e+03 -6.954036908614090462e-03
9.427475328000000445e+03 -1.159692196686310829e-02
9.427527503999999681e+03 -1.279489285284565216e-02
9.427579680000000735e+03 -1.014623403718177552e-02
9.427631855999999971e+03 -5.988179194578697496e-03
9.427684032000001025e+03 -3.271411873877158247e-03
9.427736208000000261e+03 -4.493998315834107915e-03
9.427788383999999496e+03 -7.847437304997380292e-03
9.427840560000000551e+03 -8.733154067444248020e-03
9.427892735999999786e+03 -7.710825992345292021e-03
9.427944912000000841e+03 -5.897207294237053789e-03
9.427997088000000076e+03 -2.676055903840700301e-03
9.428049264000001131e+03 -3.511509057815092021e-03
9.428101440000000366e+03 -1.051143564597760253e-02
9.428153615999999602e+03 -1.287964132251064910e-02
9.428205792000000656e+03 -4.315081217505919650e-03
9.428257967999999892e+03 7.159024698528389588e-03
9.428310144000000946e+03 1.403532828623396504e-02
9.428362320000000182e+03 1.663590497696166778e-02
9.428414496000001236e+03 1.697181892266573164e-02
9.428466672000000472e+03 1.463372158158260036e-02
9.428518847999999707e+03 8.915073718531616939e-03
9.428571024000000762e+03 2.506569370575889577e-03
9.428623199999999997e+03 -1.454470038664322853e-03
9.428675376000001052e+03 -3.576621908613693279e-03
9.428727552000000287e+03 -5.097409517210191136e-03
9.428779727999999523e+03 -5.080811087411946786e-03
9.428831904000000577e+03 -3.590484767822352697e-03
9.428884079999999813e+03 -2.582238636108451658e-03
9.428936256000000867e+03 -2.668145265461812927e-03
9.428988432000000103e+03 -2.949388856553587009e-03
9.429040608000001157e+03 -1.887832165246826951e-03
9.429092784000000393e+03 1.232483246248092376e-03
9.429144959999999628e+03 3.470267797962747931e-03
9.429197136000000683e+03 3.234952724103305234e-03
9.429249311999999918e+03 3.099451586046292253e-03
9.429301488000000973e+03 2.915926311415433046e-03
9.429353664000000208e+03 1.575814402446418672e-03
9.429405839999999444e+03 3.118128655678129696e-04
9.429458016000000498e+03 -1.052125213325868364e-03
9.429510191999999734e+03 -2.136915702111162694e-03
9.429562368000000788e+03 -2.263455129057667485e-03
9.429614544000000024e+03 -3.542498205502356279e-03
9.429666720000001078e+03 -5.809396223914240105e-03
9.429718896000000314e+03 -5.197145674361268453e-03
9.429771071999999549e+03 -1.655154368620287550e-03
9.429823248000000603e+03 8.828293878575110148e-05
9.429875423999999839e+03 -1.375121488747671006e-03
9.429927600000000893e+03 -2.664074997729230614e-03
9.429979776000000129e+03 -1.557673761305359119e-03
9.430031952000001183e+03 2.380381001006013784e-04
9.430084128000000419e+03 3.782426056326430907e-04
9.430136303999999654e+03 -4.797567387919899522e-04
9.430188480000000709e+03 -2.691344536512932199e-03
9.430240655999999944e+03 -8.446379133331325534e-03
9.430292832000000999e+03 -1.525801152079331487e-02
9.430345008000000234e+03 -1.875248021019423547e-02
9.430397183999999470e+03 -1.796731470476171239e-02
9.430449360000000524e+03 -1.241105519381914546e-02
9.430501535999999760e+03 -4.397295134656546180e-03
9.430553712000000814e+03 -7.151376656846075014e-04
9.430605888000000050e+03 -2.512439643856219634e-03
9.430658064000001104e+03 -4.124940835443795424e-03
9.430710240000000340e+03 -3.363259720590750651e-03
