9.427627756957981831e+00 2.742644307210428956e-02
9.425277039434435622e+00 -9.693501215443933727e-02
9.423010947741738974e+00 -3.309377098372023873e-02
9.420622618737816367e+00 6.010957836186152647e-01
9.419390842755477777e+00 6.201722139539900258e-01
9.418478764356342126e+00 5.042649833875796350e-01
9.417594894567489661e+00 6.516584060980528115e-01
9.416701621908542208e+00 5.551016344427004423e-01
9.415798946379501544e+00 2.600534700783878606e-01
9.414454335956031983e+00 5.518080282016666338e-01
9.413147337012940596e+00 3.873858282527753438e-01
9.411821532329661011e+00 3.338112022167256665e-01
9.410298267374404446e+00 -4.813099691464850505e-02
9.408577542147169126e+00 -1.178923256062686109e-01
9.407308154684454138e+00 -7.748021664638113926e-01
9.406236227493717905e+00 -1.248018188217388635e+00
9.405380566315146851e+00 -1.267714488851527710e+00
9.404750574018835962e+00 -1.300395309816906098e+00
9.403697452568287929e+00 -1.641008491524890145e+00
9.402843671963736938e+00 -1.947589486268408887e+00
9.401769864198980642e+00 -2.047739037120555494e+00
9.401374943655024907e+00 -2.146340312333657963e+00
9.400744951358714019e+00 -1.860955363177854593e+00
9.399917498790426151e+00 -1.708290707527484908e+00
9.399080643352045072e+00 -1.511780539366362808e+00
9.397820658759423296e+00 -1.385118485922564480e+00
9.396203365103223959e+00 -1.140856668042230293e+00
9.394106525072222880e+00 -1.226670459931326063e+00
9.392874749089884290e+00 -1.128544273903578032e+00
9.391689987458017086e+00 -1.215932893688320027e+00
9.390486420085961683e+00 -1.052326501514379231e+00
9.389301658454094479e+00 -1.130784943479329785e+00
9.387618544707235557e+00 -1.337828339285054069e+00
9.385991848180943009e+00 -9.762105079776407512e-01
9.384007842591071125e+00 -6.341658397187316387e-01
9.381224593043192783e+00 -4.247027885913228218e-01
9.378817458299081977e+00 -3.308168802457505109e-01
