9.427646562698170030e+00 4.709477366154679601e-03
9.425305248044718809e+00 2.351400588799441582e-01
9.423424674025882908e+00 6.201585870660295541e-01
9.420735453178945562e+00 5.188705538245048654e-01
9.419334425534913180e+00 6.213155938915648768e-01
9.418488167226437113e+00 2.161192075281002101e-01
9.417594894567489661e+00 2.324426846862646112e-01
9.416250284144021876e+00 4.678492896420496372e-01
9.414473141696220182e+00 -2.633685591947532156e-01
9.413156739883035584e+00 -4.829181769443536831e-01
9.411849740939944198e+00 -7.846890729352314908e-01
9.410288864504309458e+00 -6.964413778918525644e-01
9.408577542147169126e+00 -9.370304740009776090e-01
9.407289348944265939e+00 -1.107647205918091071e+00
9.406255033233906104e+00 -1.202910790703061839e+00
9.405380566315146851e+00 -1.280120672038347340e+00
9.404543710876763996e+00 -1.410474549796612909e+00
9.403688049698194718e+00 -1.804786731882257023e+00
9.402841791389716875e+00 -1.646354604839677105e+00
9.401976727341052609e+00 -1.724430500475939709e+00
9.401365540784931696e+00 -1.833560616655733444e+00
9.400509879606360641e+00 -1.755594918708650809e+00
9.399484966766094018e+00 -1.648105152145539432e+00
9.398036924771590250e+00 -1.226729004905161347e+00
9.396175156492942548e+00 -1.366994409958920187e+00
9.394106525072222880e+00 -1.291695834279010802e+00
9.392526842896399941e+00 -1.185874603498925817e+00
9.390871937759824206e+00 -1.006374725122866298e+00
9.389235838363434894e+00 -7.398233560129391373e-01
9.388013465251191292e+00 -8.380191482756044197e-01
9.386809897879135889e+00 -6.907750953087914425e-01
9.384393360264931871e+00 -2.649005579102268193e-01
9.381591304976865331e+00 3.352760340413825091e-01
9.378619998027103222e+00 -1.042591993058561428e-01
