9.384125584000001254e+03 1.833627601240631413e-02
9.384177760000000490e+03 1.603761248287251598e-02
9.384229936000001544e+03 1.068498390522729796e-02
9.384282112000000780e+03 5.674115692748119694e-03
9.384334288000001834e+03 5.499812899916150036e-03
9.384386464000001070e+03 9.441170282973365691e-03
9.384438640000002124e+03 1.167904337904275211e-02
9.384490816000001359e+03 7.091329819056987546e-03
9.384542992000000595e+03 -3.979395517650926618e-03
9.384595168000001649e+03 -1.716474613384998821e-02
9.384647344000000885e+03 -2.772808575296004108e-02
9.384699520000001939e+03 -3.180220328182815914e-02
9.384751696000001175e+03 -2.876684962924175304e-02
9.384803872000000410e+03 -2.298886027181459152e-02
9.384856048000001465e+03 -2.086386688074896509e-02
9.384908224000000700e+03 -2.470324510296668941e-02
9.384960400000001755e+03 -2.977726583663960203e-02
9.385012576000000990e+03 -3.007310939589133078e-02
9.385064752000002045e+03 -2.337250084706802775e-02
9.385116928000001280e+03 -9.738033393895341797e-03
9.385169104000000516e+03 8.169072582697202434e-03
9.385221280000001570e+03 2.464299405126851514e-02
9.385273456000000806e+03 3.524709151763365939e-02
9.385325632000001860e+03 4.150299029826543667e-02
9.385377808000001096e+03 4.978464527591330152e-02
9.385429984000000331e+03 6.203258621910212600e-02
9.385482160000001386e+03 6.852881415276980415e-02
9.385534336000000621e+03 5.698270649449282965e-02
9.385586512000001676e+03 3.076954743559788888e-02
9.385638688000000911e+03 8.537728801601010900e-03
9.385690864000001966e+03 1.891554270984055226e-03
9.385743040000001201e+03 5.176342946756163493e-03
9.385795216000000437e+03 7.826001073306249056e-03
9.385847392000001491e+03 4.934869102901030292e-03
9.385899568000000727e+03 -2.533408137479564205e-03
9.385951744000001781e+03 -1.037025799439047699e-02
9.386003920000001017e+03 -1.368745279179123253e-02
9.386056096000002071e+03 -9.207527581004470302e-03
9.386108272000001307e+03 1.401877824765631383e-03
9.386160448000000542e+03 1.060549933770406350e-02
9.386212624000001597e+03 1.266474189774445883e-02
9.386264800000000832e+03 9.381997591568474321e-03
9.386316976000001887e+03 3.527163825846779677e-03
9.386369152000001122e+03 -3.343767500784633039e-03
9.386421328000000358e+03 -5.480833982867375220e-03
9.386473504000001412e+03 -9.905329080100021169e-05
9.386525680000000648e+03 6.426152283277876930e-03
9.386577856000001702e+03 1.065971268235304560e-02
9.386630032000000938e+03 1.715543452675577854e-02
9.386682208000001992e+03 2.539536202683185737e-02
9.386734384000001228e+03 2.702486436086102770e-02
9.386786560000000463e+03 2.220303320491737176e-02
9.386838736000001518e+03 2.277645875355520377e-02
9.386890912000000753e+03 3.126874277606529751e-02
9.386943088000001808e+03 3.486923841922514450e-02
9.386995264000001043e+03 2.813815282340888582e-02
9.387047440000002098e+03 2.200137119559153129e-02
9.387099616000001333e+03 2.284359167642307717e-02
9.387151792000000569e+03 2.220880680676269592e-02
9.387203968000001623e+03 1.383754919145490335e-02
9.387256144000000859e+03 2.818011138480874377e-03
9.387308320000001913e+03 -5.090871905057225630e-03
9.387360496000001149e+03 -9.214426280227191665e-03
9.387412672000000384e+03 -9.913273764415106090e-03
9.387464848000001439e+03 -5.095510640362823675e-03
9.387517024000000674e+03 7.373604240659255293e-03
9.387569200000001729e+03 2.171486851850938302e-02
9.387621376000000964e+03 2.705892205129569600e-02
9.387673552000002019e+03 2.125226747600610783e-02
9.387725728000001254e+03 1.078277370701413024e-02
9.387777904000000490e+03 1.689116666481871266e-03
9.387830080000001544e+03 -1.060503612177374731e-03
9.387882256000000780e+03 5.289458676020415348e-03
9.387934432000001834e+03 1.785558185416679516e-02
9.387986608000001070e+03 3.109287405037074181e-02
9.388038784000000305e+03 4.235455320814147245e-02
9.388090960000001360e+03 5.443266481594944556e-02
9.388143136000000595e+03 7.064826370103301223e-02
9.388195312000001650e+03 8.676178571978396259e-02
9.388247488000000885e+03 9.445444944900298345e-02
9.388299664000001940e+03 9.167889723458914897e-02
9.388351840000001175e+03 8.221185279121819012e-02
9.388404016000000411e+03 6.841440055968250888e-02
9.388456192000001465e+03 5.279448989484694654e-02
9.388508368000000701e+03 4.282906530600644190e-02
9.388560544000001755e+03 4.218201781566022907e-02
9.388612720000000991e+03 4.200726624933175113e-02
9.388664896000002045e+03 3.443900516506029352e-02
9.388717072000001281e+03 2.430820673726540038e-02
9.388769248000000516e+03 1.568891141480995011e-02
9.388821424000001571e+03 2.890748715489337324e-03
9.388873600000000806e+03 -1.511702909902305075e-02
9.388925776000001861e+03 -2.802314437274213560e-02
9.388977952000001096e+03 -3.056323365321525834e-02
9.389030128000000332e+03 -2.982718761041138270e-02
9.389082304000001386e+03 -2.950104621394802201e-02
9.389134480000000622e+03 -2.352397523046380334e-02
9.389186656000001676e+03 -1.034591224474816669e-02
9.389238832000000912e+03 1.542023598397207007e-03
9.389291008000001966e+03 4.912510390368509360e-03
9.389343184000001202e+03 3.024410372545967545e-03
9.389395360000000437e+03 6.909857774393286627e-03
9.389447536000001492e+03 2.282907410941205709e-02
9.389499712000000727e+03 4.518188716987800446e-02
9.389551888000001782e+03 6.493071632068500576e-02
9.389604064000001017e+03 7.730307421408082191e-02
9.389656240000002072e+03 8.138541387031300589e-02
9.389708416000001307e+03 8.139870558115530619e-02
9.389760592000000543e+03 8.389804827117013086e-02
9.389812768000001597e+03 8.830018504390156620e-02
9.389864944000000833e+03 8.732994779621267023e-02
9.389917120000001887e+03 7.793660359687011596e-02
9.389969296000001123e+03 6.582828636781068443e-02
9.390021472000000358e+03 6.002900981633473021e-02
9.390073648000001413e+03 6.477148189272119438e-02
9.390125824000000648e+03 7.590964750581788434e-02
9.390178000000001703e+03 8.585894721026406107e-02
9.390230176000000938e+03 9.033127305422593289e-02
9.390282352000001993e+03 8.846513989572953041e-02
9.390334528000001228e+03 8.150895684965565879e-02
9.390386704000000464e+03 7.428900251901371377e-02
9.390438880000001518e+03 7.166046242664209087e-02
9.390491056000000754e+03 7.275676072029034491e-02
9.390543232000001808e+03 7.484201344639639097e-02
9.390595408000001044e+03 7.934152455091229850e-02
9.390647584000000279e+03 8.764050991725344519e-02
9.390699760000001334e+03 9.583268015693711950e-02
9.390751936000000569e+03 9.971370217812429437e-02
9.390804112000001624e+03 1.007791857347746789e-01
9.390856288000000859e+03 1.020275147313315922e-01
9.390908464000001914e+03 1.023053629096341149e-01
9.390960640000001149e+03 1.005946582787840826e-01
9.391012816000000385e+03 1.003936610975823263e-01
9.391064992000001439e+03 1.037125865544860637e-01
9.391117168000000675e+03 1.071020451843796711e-01
9.391169344000001729e+03 1.083704858621463707e-01
9.391221520000000965e+03 1.108484510974459686e-01
9.391273696000002019e+03 1.176702885967004231e-01
9.391325872000001254e+03 1.263555373247696734e-01
9.391378048000000490e+03 1.317427292672330164e-01
9.391430224000001544e+03 1.312661165691106357e-01
9.391482400000000780e+03 1.240989611012504740e-01
9.391534576000001834e+03 1.093010043801655590e-01
9.391586752000001070e+03 9.046553375244581474e-02
9.391638928000000305e+03 7.737191594079893819e-02
9.391691104000001360e+03 7.617041984521072395e-02
9.391743280000000595e+03 8.205222456825439492e-02
9.391795456000001650e+03 8.755457216460245384e-02
9.391847632000000885e+03 9.210433155367409030e-02
9.391899808000001940e+03 9.819207233073516672e-02
9.391951984000001175e+03 1.061728286864159071e-01
9.392004160000000411e+03 1.145913879248652290e-01
9.392056336000001465e+03 1.204393502151436812e-01
9.392108512000000701e+03 1.235325546574610189e-01
9.392160688000001755e+03 1.295025221667713555e-01
9.392212864000000991e+03 1.406569197209297517e-01
9.392265040000002045e+03 1.501845062419105981e-01
9.392317216000001281e+03 1.534306465358232785e-01
9.392369392000000516e+03 1.565389238488854862e-01
9.392421568000001571e+03 1.667257981126073763e-01
9.392473744000000806e+03 1.806361796831742750e-01
9.392525920000001861e+03 1.880007964718823921e-01
9.392578096000001096e+03 1.856863118208898489e-01
9.392630272000000332e+03 1.810000466220758331e-01
9.392682448000001386e+03 1.776553160894208394e-01
9.392734624000000622e+03 1.721647086531236104e-01
9.392786800000001676e+03 1.673082440024256656e-01
9.392838976000000912e+03 1.703241585248125856e-01
9.392891152000001966e+03 1.789033290988416847e-01
9.392943328000001202e+03 1.861279569919741805e-01
9.392995504000000437e+03 1.919984996090829121e-01
9.393047680000001492e+03 1.986241633663677619e-01
9.393099856000000727e+03 2.044048992551318611e-01
9.393152032000001782e+03 2.080329936502292032e-01
9.393204208000001017e+03 2.103748426784712022e-01
9.393256384000000253e+03 2.126603941241988760e-01
9.393308560000001307e+03 2.160879663799025741e-01
9.393360736000000543e+03 2.204738986708256743e-01
9.393412912000001597e+03 2.241432258448622650e-01
9.393465088000000833e+03 2.284119129343075150e-01
9.393517264000001887e+03 2.371227413987558597e-01
9.393569440000001123e+03 2.489343115350965974e-01
9.393621616000000358e+03 2.565250012858657502e-01
9.393673792000001413e+03 2.546319192796202002e-01
9.393725968000000648e+03 2.468722598944323443e-01
9.393778144000001703e+03 2.425910804286793565e-01
9.393830320000000938e+03 2.451642916031523123e-01
9.393882496000001993e+03 2.508189796243100456e-01
9.393934672000001228e+03 2.576172482412686926e-01
9.393986848000000464e+03 2.661409711870567074e-01
9.394039024000001518e+03 2.766030195650885370e-01
9.394091200000000754e+03 2.884365889931777005e-01
9.394143376000001808e+03 2.990885382020310734e-01
9.394195552000001044e+03 3.057026705853256310e-01
9.394247728000000279e+03 3.078144431531743552e-01
9.394299904000001334e+03 3.070069242172522306e-01
9.394352080000000569e+03 3.059380000940505329e-01
9.394404256000001624e+03 3.074195937026210079e-01
9.394456432000000859e+03 3.131737228354992686e-01
9.394508608000001914e+03 3.226683441104026828e-01
9.394560784000001149e+03 3.310392395475105221e-01
9.394612960000000385e+03 3.298308991395186851e-01
9.394665136000001439e+03 3.172412995471282082e-01
9.394717312000000675e+03 3.053797385033655276e-01
9.394769488000001729e+03 3.064040111641246344e-01
9.394821664000000965e+03 3.172063972599036275e-01
9.394873840000002019e+03 3.284936778796934131e-01
9.394926016000001255e+03 3.379320114050610724e-01
9.394978192000000490e+03 3.456729795146851192e-01
9.395030368000001545e+03 3.498063881417378118e-01
9.395082544000000780e+03 3.522938546653456848e-01
9.395134720000001835e+03 3.590379405040224348e-01
9.395186896000001070e+03 3.715467836804944857e-01
9.395239072000000306e+03 3.872615421029435012e-01
9.395291248000001360e+03 4.058817665312337009e-01
9.395343424000000596e+03 4.253140835263683472e-01
9.395395600000001650e+03 4.398145982861821901e-01
9.395447776000000886e+03 4.503723280364302362e-01
9.395499952000001940e+03 4.624662068634454726e-01
9.395552128000001176e+03 4.727379656475604319e-01
9.395604304000000411e+03 4.737435000849907762e-01
9.395656480000001466e+03 4.675773963636427055e-01
9.395708656000000701e+03 4.639192032117826492e-01
9.395760832000001756e+03 4.681324313590177200e-01
9.395813008000000991e+03 4.777590619315432718e-01
9.395865184000000227e+03 4.890978572815116165e-01
9.395917360000001281e+03 4.999278139258033216e-01
9.395969536000000517e+03 5.069750131941824778e-01
9.396021712000001571e+03 5.093619630621275540e-01
9.396073888000000807e+03 5.134056081340607758e-01
9.396126064000001861e+03 5.268651386304377127e-01
9.396178240000001097e+03 5.486411748992786608e-01
9.396230416000000332e+03 5.671937929805864753e-01
9.396282592000001387e+03 5.705972020807043021e-01
9.396334768000000622e+03 5.600366759836348240e-01
9.396386944000001677e+03 5.503610278177056836e-01
9.396439120000000912e+03 5.548212432401364858e-01
9.396491296000001967e+03 5.756261566356453141e-01
9.396543472000001202e+03 6.070691728449401081e-01
9.396595648000000438e+03 6.365936488347453404e-01
9.396647824000001492e+03 6.506658699567299253e-01
9.396700000000000728e+03 6.505723443363422565e-01
9.396752176000001782e+03 6.509776260263439029e-01
9.396804352000001018e+03 6.603483173621503832e-01
9.396856528000000253e+03 6.758718431625752032e-01
9.396908704000001308e+03 6.918000979482158419e-01
9.396960880000000543e+03 7.026993161823211764e-01
9.397013056000001598e+03 7.076657283127666398e-01
9.397065232000000833e+03 7.149876534369027370e-01
9.397117408000001888e+03 7.324389429815821861e-01
9.397169584000001123e+03 7.539636421910536068e-01
9.397221760000000359e+03 7.673700821668734129e-01
9.397273936000001413e+03 7.723234428067886626e-01
9.397326112000000649e+03 7.781281250643350411e-01
9.397378288000001703e+03 7.869998185525242107e-01
9.397430464000000939e+03 7.919625140451654888e-01
9.397482640000001993e+03 7.902189345609471616e-01
9.397534816000001229e+03 7.879410864680668203e-01
9.397586992000000464e+03 7.891099733257196380e-01
9.397639168000001519e+03 7.897830922230518746e-01
9.397691344000000754e+03 7.878434983877262709e-01
9.397743520000001809e+03 7.877108142213175013e-01
9.397795696000001044e+03 7.938069409850178060e-01
9.397847872000000280e+03 8.070192370385740332e-01
9.397900048000001334e+03 8.234511861071925898e-01
9.397952224000000570e+03 8.361275282731176484e-01
9.398004400000001624e+03 8.438637361485645805e-01
9.398056576000000859e+03 8.522750140615888981e-01
9.398108752000001914e+03 8.638486799798458238e-01
9.398160928000001149e+03 8.747187694577550632e-01
9.398213104000000385e+03 8.812958520587498290e-01
9.398265280000001439e+03 8.844130486422799864e-01
9.398317456000000675e+03 8.847158661331238072e-01
9.398369632000001729e+03 8.812915891072033991e-01
9.398421808000000965e+03 8.788993482922726752e-01
9.398473984000000200e+03 8.846239335091942158e-01
9.398526160000001255e+03 8.968049846114897194e-01
9.398578336000000490e+03 9.105088494730833037e-01
9.398630512000001545e+03 9.274611361751841088e-01
9.398682688000000780e+03 9.492996003148497230e-01
9.398734864000001835e+03 9.694065705652143983e-01
9.398787040000001070e+03 9.793043012131742442e-01
9.398839216000000306e+03 9.791581285307685567e-01
9.398891392000001360e+03 9.757916286698911090e-01
9.398943568000000596e+03 9.716965958633195788e-01
9.398995744000001650e+03 9.657610321655942798e-01
9.399047920000000886e+03 9.624365635054478174e-01
9.399100096000001940e+03 9.675771583933175934e-01
9.399152272000001176e+03 9.783491005033010390e-01
9.399204448000000411e+03 9.853161369554331861e-01
9.399256624000001466e+03 9.825778712177253293e-01
9.399308800000000701e+03 9.733399849294958051e-01
9.399360976000001756e+03 9.634277116032807786e-01
9.399413152000000991e+03 9.528571352063631705e-01
9.399465328000000227e+03 9.407082220823274055e-01
9.399517504000001281e+03 9.298387000123630175e-01
9.399569680000000517e+03 9.201648038088592330e-01
9.399621856000001571e+03 9.084027888677703721e-01
9.399674032000000807e+03 8.944805280795922187e-01
9.399726208000001861e+03 8.792238942189539719e-01
9.399778384000001097e+03 8.621773675053011621e-01
9.399830560000000332e+03 8.459641470657557338e-01
9.399882736000001387e+03 8.353924926845901489e-01
9.399934912000000622e+03 8.317385038455267221e-01
9.399987088000001677e+03 8.326736949690001222e-01
9.400039264000000912e+03 8.366281171996278188e-01
9.400091440000001967e+03 8.429141885058235584e-01
9.400143616000001202e+03 8.486726195421095964e-01
9.400195792000000438e+03 8.512435106154027098e-01
9.400247968000001492e+03 8.522010279909948416e-01
9.400300144000000728e+03 8.537572529612695860e-01
9.400352320000001782e+03 8.538633879843140484e-01
9.400404496000001018e+03 8.484767888742890118e-01
9.400456672000000253e+03 8.371083648699687574e-01
9.400508848000001308e+03 8.251808109796294755e-01
9.400561024000000543e+03 8.185623887837293333e-01
9.400613200000001598e+03 8.148290295745873602e-01
9.400665376000000833e+03 8.048179556319177141e-01
9.400717552000001888e+03 7.840049222539796636e-01
9.400769728000001123e+03 7.568951867439611680e-01
9.400821904000000359e+03 7.285171915378210183e-01
9.400874080000001413e+03 6.987426837086773146e-01
9.400926256000000649e+03 6.669600403068377537e-01
9.400978432000001703e+03 6.338602799407512256e-01
9.401030608000000939e+03 6.005470469414153634e-01
9.401082784000000174e+03 5.718867465497379232e-01
9.401134960000001229e+03 5.517495729716620501e-01
9.401187136000000464e+03 5.340594226017087998e-01
9.401239312000001519e+03 5.108423911548216623e-01
9.401291488000000754e+03 4.866692007465822090e-01
9.401343664000001809e+03 4.743499559755602890e-01
9.401395840000001044e+03 4.760843611441449852e-01
9.401448016000000280e+03 4.782339694486970050e-01
9.401500192000001334e+03 4.710328307492239186e-01
9.401552368000000570e+03 4.632308902419496888e-01
9.401604544000001624e+03 4.672294576132473010e-01
9.401656720000000860e+03 4.797815914387993375e-01
9.401708896000001914e+03 4.877431724769135113e-01
9.401761072000001150e+03 4.851886641236693443e-01
9.401813248000000385e+03 4.756976291602099116e-01
9.401865424000001440e+03 4.638194574350053556e-01
9.401917600000000675e+03 4.523610788289117446e-01
9.401969776000001730e+03 4.434972504609024369e-01
9.402021952000000965e+03 4.360523867204931237e-01
9.402074128000000201e+03 4.248788787143351064e-01
9.402126304000001255e+03 4.074993267568424171e-01
9.402178480000000491e+03 3.870188889898947271e-01
9.402230656000001545e+03 3.650054435056480640e-01
9.402282832000000781e+03 3.391335567681762475e-01
9.402335008000001835e+03 3.096825776091076121e-01
9.402387184000001071e+03 2.803410076497923620e-01
9.402439360000000306e+03 2.545814114012428520e-01
9.402491536000001361e+03 2.345006612090896059e-01
9.402543712000000596e+03 2.184914024834951618e-01
9.402595888000001651e+03 2.019065358428828449e-01
9.402648064000000886e+03 1.834301561663144731e-01
9.402700240000001941e+03 1.668265513137764111e-01
9.402752416000001176e+03 1.552744496122429596e-01
9.402804592000000412e+03 1.478307116797641096e-01
9.402856768000001466e+03 1.420533632479086261e-01
9.402908944000000702e+03 1.379847891053345155e-01
9.402961120000001756e+03 1.375326987381765287e-01
9.403013296000000992e+03 1.401771081913508743e-01
9.403065472000000227e+03 1.442482242227379474e-01
9.403117648000001282e+03 1.495696138232428529e-01
9.403169824000000517e+03 1.518072089085572840e-01
9.403222000000001572e+03 1.441030105144311402e-01
9.403274176000000807e+03 1.304184681866638051e-01
9.403326352000001862e+03 1.237459557854762304e-01
9.403378528000001097e+03 1.279833249354885849e-01
9.403430704000000333e+03 1.317678050111295018e-01
9.403482880000001387e+03 1.211821704396094102e-01
9.403535056000000623e+03 9.396343617188557262e-02
9.403587232000001677e+03 6.148273885866129690e-02
9.403639408000000913e+03 4.021134551850436695e-02
9.403691584000000148e+03 4.053501440657405336e-02
9.403743760000001203e+03 5.593152654344839964e-02
9.403795936000000438e+03 6.397301038045297150e-02
9.403848112000001493e+03 5.051309821869293115e-02
9.403900288000000728e+03 2.739541951143624823e-02
9.403952464000001783e+03 1.300694066788411762e-02
9.404004640000001018e+03 9.311382611820731223e-03
9.404056816000000254e+03 8.943597733621680076e-03
9.404108992000001308e+03 7.351841648197494396e-03
9.404161168000000544e+03 1.880361989937029800e-03
9.404213344000001598e+03 -7.864634842119569078e-03
9.404265520000000834e+03 -1.765559392195004476e-02
9.404317696000001888e+03 -2.230694021802641369e-02
9.404369872000001124e+03 -2.004536389904743726e-02
9.404422048000000359e+03 -1.301268400317731611e-02
9.404474224000001414e+03 -5.607601205295537766e-03
9.404526400000000649e+03 -7.590959103963699399e-04
9.404578576000001704e+03 4.489640767757761483e-03
9.404630752000000939e+03 1.704329805383382121e-02
9.404682928000000175e+03 3.729030627447407764e-02
9.404735104000001229e+03 5.516837201210327002e-02
9.404787280000000464e+03 6.141391024883429556e-02
9.404839456000001519e+03 5.644221376791418859e-02
9.404891632000000754e+03 4.655592788749673278e-02
9.404943808000001809e+03 3.740003330279569743e-02
9.404995984000001044e+03 3.147969858432654588e-02
9.405048160000000280e+03 2.915213744208874913e-02
9.405100336000001334e+03 2.816059592430471270e-02
9.405152512000000570e+03 2.317559391279452527e-02
9.405204688000001624e+03 1.204979565200856896e-02
9.405256864000000860e+03 2.091096261588533303e-05
9.405309040000001914e+03 -6.826943851497513371e-03
9.405361216000001150e+03 -8.400548653352065895e-03
9.405413392000000385e+03 -8.553957793699865433e-03
9.405465568000001440e+03 -9.901640256880129762e-03
9.405517744000000675e+03 -1.202174505462580249e-02
9.405569920000001730e+03 -1.149736908620529671e-02
9.405622096000000965e+03 -7.184787723002301896e-03
9.405674272000000201e+03 -6.938418567218863908e-03
9.405726448000001255e+03 -1.598419640918720755e-02
9.405778624000000491e+03 -2.327416460088793659e-02
9.405830800000001545e+03 -1.720355177759367096e-02
9.405882976000000781e+03 -1.635094491005401182e-03
9.405935152000001835e+03 1.477582633084366555e-02
9.405987328000001071e+03 2.812743702190706116e-02
9.406039504000000306e+03 3.537344125321369853e-02
9.406091680000001361e+03 3.289270454730921361e-02
9.406143856000000596e+03 2.164983036975424990e-02
9.406196032000001651e+03 9.756906049661296862e-03
9.406248208000000886e+03 5.653756219538159586e-03
9.406300384000000122e+03 1.047010609570885216e-02
9.406352560000001176e+03 1.851535304554668623e-02
9.406404736000000412e+03 2.258301359131703601e-02
9.406456912000001466e+03 1.960829062872558246e-02
9.406509088000000702e+03 1.178936039048690716e-02
9.406561264000001756e+03 2.797011171106744513e-03
9.406613440000000992e+03 -5.103529736888883124e-03
9.406665616000000227e+03 -1.236512324695691022e-02
9.406717792000001282e+03 -2.078091579342809456e-02
9.406769968000000517e+03 -2.924832332357272385e-02
9.406822144000001572e+03 -3.425222348240480191e-02
9.406874320000000807e+03 -3.445415411888252954e-02
9.406926496000001862e+03 -3.159146704663479133e-02
9.406978672000001097e+03 -2.614619720599630978e-02
9.407030848000000333e+03 -1.430650314524705390e-02
9.407083024000001387e+03 3.641605928829834242e-03
9.407135200000000623e+03 1.598324210118524588e-02
9.407187376000001677e+03 1.217139930993527651e-02
9.407239552000000913e+03 -4.657403588053388166e-03
9.407291728000000148e+03 -2.294769546419857947e-02
9.407343904000001203e+03 -3.125177244268351889e-02
9.407396080000000438e+03 -2.545243112336233876e-02
9.407448256000001493e+03 -1.508760287047184075e-02
9.407500432000000728e+03 -1.513113373540900947e-02
9.407552608000001783e+03 -2.768560414475547057e-02
9.407604784000001018e+03 -4.089886693577980681e-02
9.407656960000000254e+03 -4.590647913518483558e-02
9.407709136000001308e+03 -4.394436568034183060e-02
9.407761312000000544e+03 -4.080070921129764355e-02
9.407813488000001598e+03 -4.275994947396166701e-02
9.407865664000000834e+03 -5.217530402351845675e-02
9.407917840000001888e+03 -6.417200197574035592e-02
9.407970016000001124e+03 -7.123902200259034367e-02
9.408022192000000359e+03 -7.070633544785882851e-02
9.408074368000001414e+03 -6.703208964632889622e-02
9.408126544000000649e+03 -6.699441056049713905e-02
9.408178720000001704e+03 -7.362898002320264479e-02
9.408230896000000939e+03 -8.539366446905388708e-02
9.408283072000000175e+03 -9.877143627773071755e-02
9.408335248000001229e+03 -1.114301403241880206e-01
9.408387424000000465e+03 -1.240930760420873441e-01
9.408439600000001519e+03 -1.366584097703138490e-01
9.408491776000000755e+03 -1.436455319319553670e-01
9.408543952000001809e+03 -1.388675694681013595e-01
9.408596128000001045e+03 -1.235430379528581757e-01
9.408648304000000280e+03 -1.065374402238947749e-01
9.408700480000001335e+03 -9.626692062661698635e-02
9.408752656000000570e+03 -9.292722122239394089e-02
9.408804832000001625e+03 -9.072606414273946818e-02
9.408857008000000860e+03 -8.775320940113462420e-02
9.408909184000000096e+03 -8.969523122038647323e-02
9.408961360000001150e+03 -1.008516229138685522e-01
9.409013536000000386e+03 -1.165393320313808379e-01
9.409065712000001440e+03 -1.301433331147585637e-01
9.409117888000000676e+03 -1.404297106013618068e-01
9.409170064000001730e+03 -1.484928265193043717e-01
9.409222240000000966e+03 -1.558547499225891031e-01
9.409274416000000201e+03 -1.631121848107181249e-01
9.409326592000001256e+03 -1.664517849677839278e-01
9.409378768000000491e+03 -1.636112845851808995e-01
9.409430944000001546e+03 -1.621788226868355332e-01
9.409483120000000781e+03 -1.729484411367745722e-01
9.409535296000001836e+03 -1.970976493514194350e-01
9.409587472000001071e+03 -2.245753045032934381e-01
9.409639648000000307e+03 -2.430820905986965097e-01
9.409691824000001361e+03 -2.477980024315911411e-01
9.409744000000000597e+03 -2.449670342398442835e-01
9.409796176000001651e+03 -2.445695610684563703e-01
9.409848352000000887e+03 -2.478561117868534613e-01
9.409900528000000122e+03 -2.481335776867722165e-01
9.409952704000001177e+03 -2.440782510102960934e-01
9.410004880000000412e+03 -2.418078184507292949e-01
9.410057056000001467e+03 -2.430217485990880388e-01
9.410109232000000702e+03 -2.422794449871869538e-01
9.410161408000001757e+03 -2.378444221366105005e-01
9.410213584000000992e+03 -2.347470044089733365e-01
9.410265760000000228e+03 -2.366778269890650599e-01
9.410317936000001282e+03 -2.434066432646929401e-01
9.410370112000000518e+03 -2.531691051367036538e-01
9.410422288000001572e+03 -2.639590516940693021e-01
9.410474464000000808e+03 -2.759903760864826916e-01
9.410526640000001862e+03 -2.901834351797631384e-01
9.410578816000001098e+03 -3.038815391079114359e-01
9.410630992000000333e+03 -3.135890952950798893e-01
9.410683168000001388e+03 -3.203621338235096427e-01
9.410735344000000623e+03 -3.287362506932695050e-01
9.410787520000001678e+03 -3.399239718033443269e-01
9.410839696000000913e+03 -3.485089501052429650e-01
9.410891872000000149e+03 -3.507842027294462706e-01
9.410944048000001203e+03 -3.533553223767010865e-01
9.410996224000000439e+03 -3.656591895016939597e-01
9.411048400000001493e+03 -3.859739814046919126e-01
9.411100576000000729e+03 -4.024598854214886390e-01
9.411152752000001783e+03 -4.086605511417374936e-01
9.411204928000001019e+03 -4.101382290046304280e-01
9.411257104000000254e+03 -4.130528773036119539e-01
9.411309280000001309e+03 -4.154699564351015950e-01
9.411361456000000544e+03 -4.146460903497448669e-01
9.411413632000001598e+03 -4.142351316882895707e-01
9.411465808000000834e+03 -4.197109329346715434e-01
9.411517984000000069e+03 -4.330970026879406021e-01
9.411570160000001124e+03 -4.514816946167133915e-01
9.411622336000000359e+03 -4.658126531145923566e-01
9.411674512000001414e+03 -4.678931432574648386e-01
9.411726688000000649e+03 -4.605260523095646152e-01
9.411778864000001704e+03 -4.525976465730980336e-01
9.411831040000000939e+03 -4.484302952514161444e-01
9.411883216000000175e+03 -4.506579304728586255e-01
9.411935392000001229e+03 -4.640528744248252901e-01
9.411987568000000465e+03 -4.869404029598036754e-01
9.412039744000001519e+03 -5.092450362902716243e-01
9.412091920000000755e+03 -5.239368282558616308e-01
9.412144096000001809e+03 -5.309968173954637827e-01
9.412196272000001045e+03 -5.332427782161682783e-01
9.412248448000000280e+03 -5.352470995901436046e-01
9.412300624000001335e+03 -5.401144680210472337e-01
9.412352800000000570e+03 -5.454301696503285335e-01
9.412404976000001625e+03 -5.465051839926120536e-01
9.412457152000000860e+03 -5.428335269409890751e-01
9.412509328000000096e+03 -5.398791062338131885e-01
9.412561504000001150e+03 -5.424962302770399702e-01
9.412613680000000386e+03 -5.471425413908946878e-01
9.412665856000001440e+03 -5.466805823015077337e-01
9.412718032000000676e+03 -5.424615599976607694e-01
9.412770208000001730e+03 -5.430206662053338462e-01
9.412822384000000966e+03 -5.507995473808574571e-01
9.412874560000000201e+03 -5.592425243906593568e-01
9.412926736000001256e+03 -5.627893922602500432e-01
9.412978912000000491e+03 -5.635702199744568874e-01
9.413031088000001546e+03 -5.690080563960978610e-01
9.413083264000000781e+03 -5.838933203607008515e-01
9.413135440000001836e+03 -6.051749400289923031e-01
9.413187616000001071e+03 -6.259681985919285374e-01
9.413239792000000307e+03 -6.419003252566988227e-01
9.413291968000001361e+03 -6.536580101159921163e-01
9.413344144000000597e+03 -6.654345486066646220e-01
9.413396320000001651e+03 -6.771117164268016797e-01
9.413448496000000887e+03 -6.800079360906811088e-01
9.413500672000000122e+03 -6.677034319969439302e-01
9.413552848000001177e+03 -6.478551846102150735e-01
9.413605024000000412e+03 -6.352582339674099909e-01
9.413657200000001467e+03 -6.343859514289482693e-01
9.413709376000000702e+03 -6.371907736414433865e-01
9.413761552000001757e+03 -6.388221623577645669e-01
9.413813728000000992e+03 -6.434566503712469965e-01
9.413865904000000228e+03 -6.507674139728083507e-01
9.413918080000001282e+03 -6.514810904083442322e-01
9.413970256000000518e+03 -6.435100718871653580e-01
9.414022432000001572e+03 -6.387634448008907562e-01
9.414074608000000808e+03 -6.456981104867937082e-01
9.414126784000000043e+03 -6.558119982102508239e-01
9.414178960000001098e+03 -6.554257161518660668e-01
9.414231136000000333e+03 -6.429295338453617781e-01
9.414283312000001388e+03 -6.290301357585014186e-01
9.414335488000000623e+03 -6.267707677311530334e-01
9.414387664000001678e+03 -6.410964139200105993e-01
9.414439840000000913e+03 -6.635534576785362404e-01
9.414492016000000149e+03 -6.815830990675862955e-01
9.414544192000001203e+03 -6.909745803332105751e-01
9.414596368000000439e+03 -6.946534490539147955e-01
9.414648544000001493e+03 -6.959168288661020663e-01
9.414700720000000729e+03 -6.950573656562933911e-01
9.414752896000001783e+03 -6.905868730168688296e-01
9.414805072000001019e+03 -6.854142949153312347e-01
9.414857248000000254e+03 -6.863940287717531508e-01
9.414909424000001309e+03 -6.920258503095539915e-01
9.414961600000000544e+03 -6.897135009209119927e-01
9.415013776000001599e+03 -6.738272284203141727e-01
9.415065952000000834e+03 -6.550291899242285387e-01
9.415118128000000070e+03 -6.429400451563572760e-01
9.415170304000001124e+03 -6.341458256679892713e-01
9.415222480000000360e+03 -6.245284975101692559e-01
9.415274656000001414e+03 -6.182355780410155877e-01
9.415326832000000650e+03 -6.185454982220781606e-01
9.415379008000001704e+03 -6.213706615749006179e-01
9.415431184000000940e+03 -6.212603144652465437e-01
9.415483360000000175e+03 -6.170775527215279777e-01
9.415535536000001230e+03 -6.113340450960310646e-01
9.415587712000000465e+03 -6.061805842206853256e-01
9.415639888000001520e+03 -6.004242894537508146e-01
9.415692064000000755e+03 -5.926583521936744647e-01
9.415744240000001810e+03 -5.856225395859646632e-01
9.415796416000001045e+03 -5.843238079474013524e-01
9.415848592000000281e+03 -5.901757074571692963e-01
9.415900768000001335e+03 -5.972512233147703187e-01
9.415952944000000571e+03 -5.978109987641476719e-01
9.416005120000001625e+03 -5.937643793852745988e-01
9.416057296000000861e+03 -5.951762662518664815e-01
9.416109472000000096e+03 -6.045287197220513553e-01
9.416161648000001151e+03 -6.123183202469698605e-01
9.416213824000000386e+03 -6.115590217999905542e-01
9.416266000000001441e+03 -6.069410218447786054e-01
9.416318176000000676e+03 -6.051138629812590208e-01
9.416370352000001731e+03 -6.032978736791142493e-01
9.416422528000000966e+03 -5.936735090855611574e-01
9.416474704000000202e+03 -5.762837203238434514e-01
9.416526880000001256e+03 -5.612366159754498263e-01
9.416579056000000492e+03 -5.553889326456173947e-01
9.416631232000001546e+03 -5.527600176095971429e-01
9.416683408000000782e+03 -5.445529898569624327e-01
9.416735584000000017e+03 -5.320555926398236046e-01
9.416787760000001072e+03 -5.221028089504493597e-01
9.416839936000000307e+03 -5.160387060317758179e-01
9.416892112000001362e+03 -5.097758961008217460e-01
9.416944288000000597e+03 -5.015522927504540984e-01
9.416996464000001652e+03 -4.939488166411838410e-01
9.417048640000000887e+03 -4.871930182497765660e-01
9.417100816000000123e+03 -4.772969634851099152e-01
9.417152992000001177e+03 -4.648501226229034833e-01
9.417205168000000413e+03 -4.560373886111756536e-01
9.417257344000001467e+03 -4.518714346174543817e-01
9.417309520000000703e+03 -4.486475996061089488e-01
9.417361696000001757e+03 -4.480455545072468126e-01
9.417413872000000993e+03 -4.540816355390669412e-01
9.417466048000000228e+03 -4.637030374701560653e-01
9.417518224000001283e+03 -4.698876680305077991e-01
9.417570400000000518e+03 -4.698141825303268071e-01
9.417622576000001573e+03 -4.646242530166808660e-01
9.417674752000000808e+03 -4.562819326175102663e-01
9.417726928000000044e+03 -4.485975780348133712e-01
9.417779104000001098e+03 -4.453621328440387495e-01
9.417831280000000334e+03 -4.439942471660180412e-01
9.417883456000001388e+03 -4.385356384472585134e-01
9.417935632000000624e+03 -4.306683963072511223e-01
9.417987808000001678e+03 -4.269861021876656948e-01
9.418039984000000914e+03 -4.262338512289938208e-01
9.418092160000000149e+03 -4.219263331861443089e-01
9.418144336000001204e+03 -4.137372392525628939e-01
9.418196512000000439e+03 -4.054182573003368706e-01
9.418248688000001493e+03 -3.965570874167544391e-01
9.418300864000000729e+03 -3.838547518736036279e-01
9.418353040000001783e+03 -3.680654765600921974e-01
9.418405216000001019e+03 -3.552718538227322975e-01
9.418457392000000254e+03 -3.493394436635691158e-01
9.418509568000001309e+03 -3.450844005162223005e-01
9.418561744000000544e+03 -3.350112676117126820e-01
9.418613920000001599e+03 -3.217320486641938038e-01
9.418666096000000834e+03 -3.145973736104715757e-01
9.418718272000000070e+03 -3.169036774551876601e-01
9.418770448000001124e+03 -3.241142572030371594e-01
9.418822624000000360e+03 -3.286393387619698236e-01
9.418874800000001414e+03 -3.252398960678707374e-01
9.418926976000000650e+03 -3.187594656162265894e-01
9.418979152000001704e+03 -3.203131042009004781e-01
9.419031328000000940e+03 -3.314814930293527029e-01
9.419083504000000175e+03 -3.430159703563304685e-01
9.419135680000001230e+03 -3.494244232329750122e-01
9.419187856000000465e+03 -3.528695451710801012e-01
9.419240032000001520e+03 -3.541156769003490634e-01
9.419292208000000755e+03 -3.493540379754269121e-01
9.419344383999999991e+03 -3.355618334362126531e-01
9.419396560000001045e+03 -3.148277117000406466e-01
9.419448736000000281e+03 -2.946385530978944955e-01
9.419500912000001335e+03 -2.824440372423576151e-01
9.419553088000000571e+03 -2.773263268899224809e-01
9.419605264000001625e+03 -2.730824414553515989e-01
9.419657440000000861e+03 -2.682288710980864632e-01
9.419709616000000096e+03 -2.625318739873269136e-01
9.419761792000001151e+03 -2.523316290687314667e-01
9.419813968000000386e+03 -2.390845032122372316e-01
9.419866144000001441e+03 -2.286127759635692425e-01
9.419918320000000676e+03 -2.210983391751581706e-01
9.419970496000001731e+03 -2.161666233739730492e-01
9.420022672000000966e+03 -2.188680120212272984e-01
9.420074848000000202e+03 -2.296203317314383652e-01
9.420127024000001256e+03 -2.396974442811236616e-01
9.420179200000000492e+03 -2.445421877679826161e-01
9.420231376000001546e+03 -2.502709421809221624e-01
9.420283552000000782e+03 -2.581451673376681799e-01
9.420335728000000017e+03 -2.572081414034145808e-01
9.420387904000001072e+03 -2.433618881828882585e-01
9.420440080000000307e+03 -2.289100901401596722e-01
9.420492256000001362e+03 -2.260412192643272422e-01
9.420544432000000597e+03 -2.349041781101748050e-01
9.420596608000001652e+03 -2.473929279751078403e-01
9.420648784000000887e+03 -2.541725613814830309e-01
9.420700960000000123e+03 -2.501117102525882707e-01
9.420753136000001177e+03 -2.342123629988724365e-01
9.420805312000000413e+03 -2.091988149909395078e-01
9.420857488000001467e+03 -1.867111554803512208e-01
9.420909664000000703e+03 -1.799060760526471903e-01
9.420961840000001757e+03 -1.842239403364758221e-01
9.421014016000000993e+03 -1.828593461263658126e-01
9.421066192000000228e+03 -1.727818284411639926e-01
9.421118368000001283e+03 -1.646511022033956551e-01
9.421170544000000518e+03 -1.611662120174801593e-01
9.421222720000001573e+03 -1.568680064676202801e-01
9.421274896000000808e+03 -1.515207465004632936e-01
9.421327072000000044e+03 -1.468560422631748630e-01
9.421379248000001098e+03 -1.392149672212569245e-01
9.421431424000000334e+03 -1.275465983869613074e-01
9.421483600000001388e+03 -1.199920600872122350e-01
9.421535776000000624e+03 -1.220957407048831184e-01
9.421587952000001678e+03 -1.285937838468489691e-01
9.421640128000000914e+03 -1.342095720361846101e-01
9.421692304000000149e+03 -1.403250618774697089e-01
9.421744480000001204e+03 -1.484245606495039616e-01
9.421796656000000439e+03 -1.554538621125600983e-01
9.421848832000001494e+03 -1.566680756335969704e-01
9.421901008000000729e+03 -1.523646660713093015e-01
9.421953183999999965e+03 -1.480032172812390245e-01
9.422005360000001019e+03 -1.446240985765367415e-01
9.422057536000000255e+03 -1.369672301847780493e-01
9.422109712000001309e+03 -1.245615868165458606e-01
9.422161888000000545e+03 -1.155637435319573081e-01
9.422214064000001599e+03 -1.142933584159790267e-01
9.422266240000000835e+03 -1.132268713745463590e-01
9.422318416000000070e+03 -1.058757373316082523e-01
9.422370592000001125e+03 -9.883979999119631155e-02
9.422422768000000360e+03 -1.002645126367510131e-01
9.422474944000001415e+03 -1.064244869892217726e-01
9.422527120000000650e+03 -1.082792799173563220e-01
9.422579296000001705e+03 -1.013492894497234620e-01
9.422631472000000940e+03 -8.730544848542168279e-02
9.422683648000000176e+03 -7.275306411841978016e-02
9.422735824000001230e+03 -6.263986170694380018e-02
9.422788000000000466e+03 -5.388868043907150268e-02
9.422840176000001520e+03 -4.282040249400475423e-02
9.422892352000000756e+03 -3.554090024851132290e-02
9.422944527999999991e+03 -4.110053261087835003e-02
9.422996704000001046e+03 -5.731668397381786684e-02
9.423048880000000281e+03 -7.214156026108931030e-02
9.423101056000001336e+03 -7.712770215483141789e-02
9.423153232000000571e+03 -7.430634199324853695e-02
9.423205408000001626e+03 -7.221763339545868299e-02
9.423257584000000861e+03 -7.802993674489543119e-02
9.423309760000000097e+03 -9.073382429376135316e-02
9.423361936000001151e+03 -1.016180482111593147e-01
9.423414112000000387e+03 -1.035415254735553847e-01
9.423466288000001441e+03 -9.661863756721536522e-02
9.423518464000000677e+03 -8.500247639265097466e-02
9.423570640000001731e+03 -7.473477435931120960e-02
9.423622816000000967e+03 -7.207921748448287147e-02
9.423674992000000202e+03 -7.655719875449507050e-02
9.423727168000001257e+03 -7.979013483072582014e-02
9.423779344000000492e+03 -7.589593411238887422e-02
9.423831520000001547e+03 -6.876139232419727076e-02
9.423883696000000782e+03 -6.601314213622488936e-02
9.423935872000000018e+03 -6.780484299889898148e-02
9.423988048000001072e+03 -6.666300264407426512e-02
9.424040224000000308e+03 -5.937624922711178671e-02
9.424092400000001362e+03 -5.223704338704282524e-02
9.424144576000000598e+03 -5.241731655298755010e-02
9.424196752000001652e+03 -5.996046564458975409e-02
9.424248928000000888e+03 -7.030196175533208469e-02
9.424301104000000123e+03 -7.866585191889709228e-02
9.424353280000001178e+03 -7.943018330259894733e-02
9.424405456000000413e+03 -6.945000989234692557e-02
9.424457632000001468e+03 -5.449588676686395461e-02
9.424509808000000703e+03 -4.418012988345033920e-02
9.424561983999999939e+03 -4.120566447561481438e-02
9.424614160000000993e+03 -4.142529563793636432e-02
9.424666336000000229e+03 -4.045645727293666061e-02
9.424718512000001283e+03 -3.595086499693262577e-02
9.424770688000000519e+03 -2.712532849705592483e-02
9.424822864000001573e+03 -1.623371438505764527e-02
9.424875040000000809e+03 -9.032044401496798838e-03
9.424927216000000044e+03 -1.053252146830709578e-02
9.424979392000001098e+03 -2.102229593004341368e-02
9.425031568000000334e+03 -3.624941329465593970e-02
9.425083744000001388e+03 -4.830995381244418407e-02
9.425135920000000624e+03 -4.932518955228843566e-02
9.425188096000001678e+03 -3.953034256106744554e-02
9.425240272000000914e+03 -2.719308488781671529e-02
9.425292448000000149e+03 -1.759540722076340102e-02
9.425344624000001204e+03 -9.107100854500248255e-03
9.425396800000000439e+03 -7.273471082978632315e-04
9.425448976000001494e+03 4.539802763577398259e-03
9.425501152000000729e+03 5.977676868700250966e-03
9.425553327999999965e+03 8.020583472392192603e-03
9.425605504000001019e+03 1.213745637467818564e-02
9.425657680000000255e+03 1.235571007176937408e-02
9.425709856000001309e+03 4.453437918855150147e-03
9.425762032000000545e+03 -6.181852278479895227e-03
9.425814208000001599e+03 -1.157888538320487465e-02
9.425866384000000835e+03 -1.217262655202709654e-02
9.425918560000000070e+03 -1.310715066038244461e-02
9.425970736000001125e+03 -1.273027468594860323e-02
9.426022912000000360e+03 -5.714850389028748937e-03
9.426075088000001415e+03 5.720075666726488067e-03
9.426127264000000650e+03 1.481368840100073282e-02
9.426179440000001705e+03 1.957486406570400211e-02
9.426231616000000940e+03 1.967290135372005283e-02
9.426283792000000176e+03 1.200301426700017132e-02
9.426335968000001230e+03 -1.153621992290930704e-03
9.426388144000000466e+03 -9.248947139908432480e-03
9.426440320000001520e+03 -6.486192463754583346e-03
9.426492496000000756e+03 1.366888744097215181e-03
9.426544671999999991e+03 6.242948613067006783e-03
9.426596848000001046e+03 6.535882179629697204e-03
9.426649024000000281e+03 5.350391595654190383e-03
9.426701200000001336e+03 4.953017015135744751e-03
9.426753376000000571e+03 6.111178629673015214e-03
9.426805552000001626e+03 8.897232533828755216e-03
9.426857728000000861e+03 1.011065242540147222e-02
9.426909904000000097e+03 7.194067761941813632e-03
9.426962080000001151e+03 5.950721612658560998e-03
9.427014256000000387e+03 1.200588166331652967e-02
9.427066432000001441e+03 1.981766928703429867e-02
9.427118608000000677e+03 2.341361438997820177e-02
9.427170783999999912e+03 2.636514527532250740e-02
9.427222960000000967e+03 3.270834530442174454e-02
9.427275136000000202e+03 4.020516033574002279e-02
9.427327312000001257e+03 4.525582570936101390e-02
9.427379488000000492e+03 4.751426789665879474e-02
9.427431664000001547e+03 4.856902860720543891e-02
9.427483840000000782e+03 4.819675855050631341e-02
9.427536016000000018e+03 4.520369463852274422e-02
9.427588192000001072e+03 4.043646937346069559e-02
9.427640368000000308e+03 3.425252113667936332e-02
9.427692544000001362e+03 2.519278320951632080e-02
9.427744720000000598e+03 1.555796669067403999e-02
9.427796896000001652e+03 1.223950019246849638e-02
9.427849072000000888e+03 1.793165172912609961e-02
9.427901248000000123e+03 2.667613381409475459e-02
9.427953424000001178e+03 3.164025673180233950e-02
9.428005600000000413e+03 3.229894461148870299e-02
9.428057776000001468e+03 3.021425021792381246e-02
9.428109952000000703e+03 2.503929742367033348e-02
9.428162127999999939e+03 1.925747101760607108e-02
9.428214304000000993e+03 1.846695297885907888e-02
9.428266480000000229e+03 2.483594307029364512e-02
9.428318656000001283e+03 3.659419494215807728e-02
9.428370832000000519e+03 5.017426273974311818e-02
9.428423008000001573e+03 5.874630267995647331e-02
9.428475184000000809e+03 5.592877205875802088e-02
9.428527360000000044e+03 4.432870368518929127e-02
9.428579536000001099e+03 3.548610183743283741e-02
9.428631712000000334e+03 3.815978828364712666e-02
9.428683888000001389e+03 4.661262557769537546e-02
9.428736064000000624e+03 4.600802813775000527e-02
9.428788240000001679e+03 3.185530078549293764e-02
9.428840416000000914e+03 1.343164975845599456e-02
9.428892592000000150e+03 -1.322704834285687043e-03
9.428944768000001204e+03 -1.056265284243032912e-02
9.428996944000000440e+03 -1.263272200593768685e-02
9.429049120000001494e+03 -5.850819108241988448e-03
9.429101296000000730e+03 7.305026744175118283e-03
9.429153471999999965e+03 1.888874528623401411e-02
9.429205648000001020e+03 2.160770880469945268e-02
9.429257824000000255e+03 1.702617342089415842e-02
9.429310000000001310e+03 1.295611273870526242e-02
9.429362176000000545e+03 1.408747307785745452e-02
9.429414352000001600e+03 2.052936622858177532e-02
9.429466528000000835e+03 2.931510013295682282e-02
9.429518704000000071e+03 3.275660705455925997e-02
9.429570880000001125e+03 2.652492577243930130e-02
9.429623056000000361e+03 1.956051076856319543e-02
9.429675232000001415e+03 2.262449491734488949e-02
9.429727408000000651e+03 3.240064809181654459e-02
9.429779583999999886e+03 3.834643561575063614e-02
9.429831760000000941e+03 3.711086106394666934e-02
9.429883936000000176e+03 3.290971528914860000e-02
9.429936112000001231e+03 3.101653280807200458e-02
9.429988288000000466e+03 3.401128059631444711e-02
9.430040464000001521e+03 4.067150168038390079e-02
9.430092640000000756e+03 4.786880077168578773e-02
9.430144815999999992e+03 5.242378037357500048e-02
9.430196992000001046e+03 5.246304595538021920e-02
9.430249168000000282e+03 5.035384792496628431e-02
9.430301344000001336e+03 5.015983763108800009e-02
9.430353520000000572e+03 5.094874461201225058e-02
9.430405696000001626e+03 4.834252262271183931e-02
9.430457872000000862e+03 4.113271652214545160e-02
9.430510048000000097e+03 3.163054541320897001e-02
9.430562224000001152e+03 2.292829340209750003e-02
9.430614400000000387e+03 1.791312431817454476e-02
9.430666576000001442e+03 1.525967958768316077e-02
9.430718752000000677e+03 9.348764533067280280e-03
9.430770927999999913e+03 1.019825573302142550e-03
9.430823104000000967e+03 -1.129500387340412210e-03
9.430875280000000203e+03 5.779152165702907198e-03
9.430927456000001257e+03 1.703560047121640761e-02
9.430979632000000493e+03 2.924908325838012149e-02
9.431031808000001547e+03 3.913070666200050424e-02
9.431083984000000783e+03 4.199155041718941744e-02
9.431136160000000018e+03 4.018077592858367714e-02
9.431188336000001073e+03 4.316877010509997253e-02
9.431240512000000308e+03 5.476062383212808998e-02
9.431292688000001363e+03 6.729730218990363777e-02
9.431344864000000598e+03 7.073775575941763927e-02
9.431397039999999834e+03 6.598596810832764448e-02
9.431449216000000888e+03 6.478640086770576234e-02
9.431501392000000124e+03 7.255925892897420459e-02
9.431553568000001178e+03 8.026316322030527250e-02
9.431605744000000414e+03 7.731311124719959793e-02
9.431657920000001468e+03 6.277191389294140000e-02
9.431710096000000703e+03 4.460814515518764234e-02
9.431762271999999939e+03 3.266144569018265831e-02
9.431814448000000993e+03 2.805469956658365391e-02
9.431866624000000229e+03 2.298763386200248365e-02
9.431918800000001283e+03 1.419247120850446534e-02
9.431970976000000519e+03 7.086993847640634531e-03
9.432023152000001573e+03 6.835910095008159923e-03
9.432075328000000809e+03 1.431161904830858395e-02
9.432127504000000044e+03 2.615464706242472473e-02
9.432179680000001099e+03 3.439189237609531491e-02
9.432231856000000334e+03 3.272691186244471029e-02
9.432284032000001389e+03 2.281480895396939199e-02
9.432336208000000624e+03 1.100439201690270492e-02
9.432388383999999860e+03 4.146768635231329672e-03
9.432440560000000914e+03 8.672271385215377451e-03
9.432492736000000150e+03 2.532836349869922732e-02
9.432544912000001204e+03 4.426871927978191790e-02
9.432597088000000440e+03 5.406955290909629813e-02
9.432649264000001494e+03 5.451554706917219328e-02
9.432701440000000730e+03 5.191718943815675641e-02
9.432753615999999965e+03 4.776636703578210352e-02
9.432805792000001020e+03 4.008518726709229402e-02
9.432857968000000255e+03 2.925588432894883975e-02
9.432910144000001310e+03 1.882314286385806598e-02
9.432962320000000545e+03 1.462563788030327681e-02
9.433014496000001600e+03 2.069949376948862496e-02
9.433066672000000835e+03 3.257551332294975760e-02
9.433118848000000071e+03 4.013559892524089928e-02
9.433171024000001125e+03 3.984259054216637841e-02
9.433223200000000361e+03 3.657018532805909189e-02
9.433275376000001415e+03 3.258556346360161338e-02
9.433327552000000651e+03 2.556608672780150138e-02
9.433379727999999886e+03 1.809213953261822744e-02
9.433431904000000941e+03 1.685765435158467079e-02
9.433484080000000176e+03 2.103727562892404243e-02
9.433536256000001231e+03 2.321974283281707033e-02
9.433588432000000466e+03 2.257550658913457312e-02
9.433640608000001521e+03 2.462137239279697104e-02
9.433692784000000756e+03 2.993521028540603590e-02
9.433744959999999992e+03 3.543341675829493609e-02
9.433797136000001046e+03 4.104537674929851360e-02
9.433849312000000282e+03 4.693669681654983467e-02
9.433901488000001336e+03 5.125555496663539157e-02
9.433953664000000572e+03 5.233064481314802369e-02
9.434005840000001626e+03 4.921098591185216892e-02
9.434058016000000862e+03 4.309219226806400294e-02
9.434110192000000097e+03 3.815011847014902757e-02
9.434162368000001152e+03 3.760785055497341267e-02
9.434214544000000387e+03 4.071086633340493394e-02
9.434266720000001442e+03 4.416120979672512326e-02
9.434318896000000677e+03 4.490313915589770610e-02
9.434371071999999913e+03 4.339088331847959501e-02
9.434423248000000967e+03 4.373768307033681219e-02
9.434475424000000203e+03 4.779856268633669164e-02
9.434527600000001257e+03 5.161748939324277419e-02
9.434579776000000493e+03 4.943155485096392687e-02
9.434631952000001547e+03 3.854823187199689360e-02
9.434684128000000783e+03 2.085131825896333752e-02
9.434736304000000018e+03 1.893857431458249863e-03
9.434788480000001073e+03 -1.204049701479638010e-02
9.434840656000000308e+03 -1.762606456052532439e-02
9.434892832000001363e+03 -1.644102215083837262e-02
9.434945008000000598e+03 -1.393306187851623724e-02
9.434997183999999834e+03 -1.461812009236562043e-02
9.435049360000000888e+03 -1.632815617935991920e-02
9.435101536000000124e+03 -1.264479044770491258e-02
9.435153712000001178e+03 -3.178844472881308877e-03
9.435205888000000414e+03 4.120046509780548108e-03
9.435258064000001468e+03 3.267548213161605014e-03
9.435310240000000704e+03 -2.837400422618921100e-03
