9.427646562698170030e+00 2.063562082260950170e-02
9.425305248044718809e+00 1.503480256510643098e-01
9.423020350611832185e+00 2.520241457867931079e-01
9.420735453178945562e+00 5.577719912186616114e-01
9.419381439885384566e+00 2.961898575266679323e-01
9.418488167226437113e+00 3.700476533745187258e-01
9.417594894567489661e+00 2.013807589277127885e-01
9.416250284144021876e+00 2.559434897048951107e-01
9.414463738826126971e+00 -1.801347616080662961e-01
9.413147337012940596e+00 -9.324175072421181376e-02
9.411830935199755999e+00 -3.062649546312019577e-01
9.410288864504309458e+00 -1.180216654751145011e-01
9.408568139277074138e+00 -4.715746765263624241e-01
9.407298751814359150e+00 -8.283511923899331553e-01
9.406255033233906104e+00 -7.657284888267990031e-01
9.405389969185240062e+00 -9.693735861849875901e-01
9.404543710876763996e+00 -8.414056390463880986e-01
9.403659841087911531e+00 -1.082032465122460874e+00
9.402822985649528675e+00 -1.227986859391030361e+00
9.401976727341052609e+00 -1.139809522877623937e+00
9.401365540784931696e+00 -1.059435898418721100e+00
9.400763757098903994e+00 -1.088625073569214674e+00
9.399917498790426151e+00 -9.668476054127344010e-01
9.399108851962326483e+00 -1.036182285744126519e+00
9.397858270239801470e+00 -9.269582382250897146e-01
9.396184559363035760e+00 -1.019150012021024843e+00
9.394115927942316091e+00 -1.064121575026689026e+00
9.392498634286116754e+00 -1.136820572955238529e+00
9.390871937759824206e+00 -1.198651077940990906e+00
9.389235838363434894e+00 -1.077401193584312855e+00
9.388013465251191292e+00 -1.153643832947140568e+00
9.386809897879135889e+00 -1.091846379310408954e+00
9.384421568875215058e+00 -9.298517141149027498e-01
9.381619513587148518e+00 -4.154638022887595650e-01
9.378422537755126243e+00 -1.373833107153044075e-02
